tree
version=v4
num_class=1
num_tree_per_iteration=1
label_index=0
max_feature_idx=22
objective=regression_l1
feature_names=delta_v delta_v_ma_5 difference sign_delta_open c_minus_o daily_return ret_lag_0 delta_c ret_lag_1 ret_lag_5 ret_lag_2 ret_lag_3 delta_v_ma_10 delta_v_ma_20 delta_c_ma_5 intraday_ma_5 williams_r delta_c_ma_10 momentum rsi intraday_ma_10 delta_c_ma_20 intraday_ma_20
feature_infos=[-9.6272827656502162:9.470823069735836] [-6.5512216030861552:9.8049109056395807] [-5.7064432546750492:6.4589979278203877] [-1:0] [-7.6249912344086805:7.2926731852177067] [-6.1018627925638267:5.7848545579224915] [-6.1018627925638267:5.7848545579224915] [-6.961917055860142:7.7819694640249857] [-6.1018627925638267:5.7848545579224915] [-6.104234906187151:5.7871034338432219] [-6.1031345712229834:5.7860602642491008] [-6.1042520153735849:5.7870863246567881] [-7.8242668581211685:8.4281217208814265] [-7.3432619312412362:7.6556259368502486] [-7.503501208602259:4.5890234762122919] [-7.0861930537929609:4.2506176996192799] [-1.1114488809879497:0.62075284167976796] [-7.8011749722473454:4.4790068636731588] [-7.8011749722473454:4.4790068636731597] [-1.8149684422612573:1.6926660261015529] [-6.7047876197432288:4.6008576599191207] [-5.8914219977354829:3.587787207974146] [-5.3548925913017289:3.4857702082173794]
tree_sizes=1934 1870 1846 1857 1952 1675 1846 1869 1601 1851 1846 1686 1962 1670 1779 2043 1774 1945 1871 1847 1961 1876 1763 1862 1959 1965 1786 1768 1684 1769 1751 1864 1597 1680 1879 1959 1511 1840 1869 1869

Tree=0
num_leaves=20
num_cat=0
split_feature=11 20 13 13 9 13 4 13 2 13 8 17 15 19 17 8 15 4 9
split_gain=9.17309 9.92039 8.01006 6.25627 6.02212 8.83379 5.09421 6.31608 6.30014 5.76711 4.47841 4.22252 6.63072 5.1438 4.04973 3.72622 3.92698 2.56934 0.87816
threshold=0.85131836584815301 1.0129281817486666 -0.42067598278613211 0.45679609303225188 0.28637994376925752 -0.16662637203230016 -0.24196385832365305 0.099076446980320101 0.07082593049202808 0.38963299647019006 -0.61248748076733939 0.3067611004026442 0.20452461733702834 -0.21166437326278043 -0.65913807242322198 0.029956847609296108 0.12345445598404602 0.51838639946095433 0.64309063046271164
decision_type=2 2 2 2 2 2 2 2 2 2 2 2 2 2 2 2 2 2 2
left_child=1 4 -2 -4 5 10 9 -8 -9 -7 -1 13 -13 14 -6 -12 -17 -10 -15
right_child=2 -3 3 -5 11 6 7 8 17 -11 15 12 -14 18 -16 16 -18 -19 -20
leaf_value=0.00079735299519037909 0.00072932760628487559 0.00066133974413115583 0.00058672399035385983 0.00068320773947348442 0.00058957636746283628 0.00068035457300160362 0.00086674986592205573 0.00080231899920095559 0.00068725586732941175 0.00084774968676717792 0.00065741742026759339 0.00080784317734639542 0.00065495125426542184 0.00067757914903922886 0.0007906251643344448 0.00067256344460905882 0.00079923651883286018 0.00079422655103177781 0.00058289629906033624
leaf_weight=132 99 140 114 97 97 175 136 98 104 122 168 110 115 102 106 153 103 120 98
leaf_count=132 99 140 114 97 97 175 136 98 104 122 168 110 115 102 106 153 103 120 98
internal_value=0.00105192 0.00213187 -0.00574026 -0.0105956 0.00298496 0.00465977 0.00767743 0.0106021 0.00666569 0.00269713 0.000715986 -0.000289175 0.00409226 -0.00308165 0.00108332 -0.00158069 0.00117454 0.00200465 -0.00800633
internal_weight=2389 2079 310 211 1939 1311 755 458 322 297 556 628 225 403 203 424 256 224 200
internal_count=2389 2079 310 211 1939 1311 755 458 322 297 556 628 225 403 203 424 256 224 200
is_linear=0
shrinkage=1


Tree=1
num_leaves=19
num_cat=0
split_feature=1 11 19 13 12 12 10 0 19 0 17 10 12 0 2 10 10 12
split_gain=13.5051 8.64558 5.51978 4.82539 5.43547 6.16809 5.64938 4.30736 4.0447 3.21915 4.56299 3.57056 3.40251 2.79463 2.38844 4.35972 2.08403 2.02134
threshold=1.4742514236727697 0.83573153338466066 0.014185451115444151 -0.089695856099801727 0.6437841718672338 0.90627933948196837 -0.37709596414231478 0.52594920580990412 0.58802270804077261 -0.13734816954047394 -0.30223695625232366 -0.15695560903110536 -0.28083061799304126 0.1560349953282936 -0.21664037608244863 0.16363553626513436 0.19154006544721022 1.0000000180025095e-35
decision_type=2 2 2 2 2 2 2 2 2 2 2 2 2 2 2 2 2 2
left_child=1 3 -3 9 6 -6 17 8 14 10 11 -1 -12 -11 -8 -16 -15 -5
right_child=-2 2 -4 4 5 -7 7 -9 -10 13 12 -13 -14 16 15 -17 -18 -19
leaf_value=1.0382986702674103e-05 0.00013649225269458717 -1.2366571137457076e-05 -8.4198461769705463e-05 0.00014587615080386185 -6.7402301450276365e-05 9.2453875576341652e-06 -7.5891159856843782e-05 0.00012098077123951562 4.6101120938628142e-05 -5.8483304810413681e-05 -5.173263143989775e-05 0.00012706315304835322 1.9515964667758071e-05 -4.9916525196184192e-05 8.0139369437232447e-05 -2.2463984768882828e-05 4.5745128849355098e-05 8.1602209517164803e-05
leaf_weight=115 134 128 158 106 114 167 134 101 121 174 142 100 110 174 98 108 101 104
leaf_count=115 134 128 158 106 114 167 134 101 121 174 142 100 110 174 98 108 101 104
internal_value=0.000425554 -0.000298925 -0.00729743 0.000646814 0.00267343 -0.00209395 0.00458946 0.00203752 0 -0.0015306 0.000709837 0.00552484 -0.00284464 -0.00417153 -0.00210842 0.000154133 -0.000893988 0.0107537
internal_weight=2389 2255 286 1969 1053 281 772 562 461 916 467 215 252 449 340 206 275 210
internal_count=2389 2255 286 1969 1053 281 772 562 461 916 467 215 252 449 340 206 275 210
is_linear=0
shrinkage=0.0428219


Tree=2
num_leaves=19
num_cat=0
split_feature=1 1 1 7 21 8 8 20 21 14 0 7 16 10 2 10 8 13
split_gain=8.80403 4.89554 8.32496 8.83547 8.46618 7.83784 9.33701 7.07375 5.5422 5.49905 4.67301 4.5964 6.17034 4.13512 3.98388 3.98366 3.70386 3.60567
threshold=1.7014879676688508 -1.2632416875880226 -0.35943910354540437 -0.0919850317639892 -0.38763231031044365 -0.18184418097745367 0.20552002073343886 0.13718955092828197 -0.57897354904737475 0.15685376200215845 -0.14422831903508024 0.17971069145901628 0.2142774221893157 -0.56181109137350271 0.48661600191959131 0.10913359945949454 -0.23715081587942907 0.025095498283448581
decision_type=2 2 2 2 2 2 2 2 2 2 2 2 2 2 2 2 2 2
left_child=1 -1 3 10 8 9 15 -5 13 17 -3 12 -8 -4 -13 -7 -15 -6
right_child=-2 2 4 7 5 6 11 -9 -10 -11 -12 14 -14 16 -16 -17 -18 -19
leaf_value=-9.5518989395143155e-05 0.00014237412645053891 0.00010886499881175307 -0.00012598296135792991 3.4778018803682689e-05 1.0141879182491578e-05 -0.00010397573191806754 6.1010293975577626e-05 -6.101382902868032e-05 -0.00012521273326023615 -2.0593873759193481e-06 4.2196416589871425e-05 8.7649767786082054e-05 -3.727285650248852e-05 0.00011330921846579318 3.0538238366795101e-06 -1.7790657570175002e-05 -7.2284147395958775e-05 0.00012584600779360131
leaf_weight=173 110 152 145 184 99 132 102 119 115 131 113 101 186 121 97 133 98 113
leaf_count=173 110 152 145 184 99 132 102 119 115 131 113 101 186 121 97 133 98 113
internal_value=8.37624e-05 -0.000420842 7.48335e-05 0.00457919 -0.00146299 0.000498727 -0.00180985 0 -0.00623454 0.00595997 0.0102994 0.00147505 -0.00159702 -0.00314578 0.0066479 -0.00836042 0 0.0102484
internal_weight=2424 2314 2141 568 1573 1094 751 303 479 343 265 486 288 364 198 265 219 212
internal_count=2424 2314 2141 568 1573 1094 751 303 479 343 265 486 288 364 198 265 219 212
is_linear=0
shrinkage=0.0428219


Tree=3
num_leaves=19
num_cat=0
split_feature=16 7 6 0 19 15 11 22 10 17 17 2 0 10 0 2 6 6
split_gain=7.55937 13.7108 9.12712 7.01808 5.40458 4.88126 4.29931 4.03017 9.50654 5.07741 6.49608 5.12326 8.76594 4.37866 2.74732 3.41089 2.2992 1.09554
threshold=0.065294181933769929 0.60651572728415493 -0.45741276832869665 0.66253291429542183 0.21590326685380221 0.35892880267281352 0.088658858600550949 -0.036738300364136812 -0.34213545377188365 -1.3048019343798036 -0.98905253359982892 -0.36456121295391436 -0.39284804213029806 -0.12761078155142766 -0.410430646394292 0.24398434495994556 -0.34979875636867058 0.24160922735792403
decision_type=2 2 2 2 2 2 2 2 2 2 2 2 2 2 2 2 2 2
left_child=4 2 -2 -3 7 6 -4 9 -9 -1 -11 13 -13 -12 -7 -16 -10 -14
right_child=1 3 5 -5 -6 14 -8 8 16 10 11 12 17 -15 15 -17 -18 -19
leaf_value=0.00015736149070768641 7.2311381920347174e-05 -5.8687779062289307e-06 5.6069999219010602e-07 7.4958265359657746e-05 9.1431566931261633e-05 -0.00012594076737717694 -4.9279651112613858e-05 4.372197872587765e-05 -0.00011379841101304525 -9.8324552682146809e-05 -0.00015976277208220829 -4.6588965451298756e-05 0.00016357573413397643 6.0977770445873538e-05 -2.7777303573717568e-05 -0.00010735109675462772 -4.4708760246159299e-05 7.2930030848736646e-05
leaf_weight=180 108 165 191 126 121 104 160 145 98 107 97 105 97 101 143 114 99 98
leaf_count=180 108 165 191 126 121 104 160 145 98 107 97 105 97 101 143 114 99 98
internal_value=-0.00101184 -0.00361307 -0.00651408 0.00408202 0.00119205 -0.00834412 -0.00411623 0.000142163 -0.00359853 0.00194966 0 0.00212739 0.00581506 -0.00275538 -0.012068 -0.00862065 -0.00994188 0.0113613
internal_weight=2359 1111 820 291 1248 712 351 1127 342 785 605 498 300 198 361 257 197 195
internal_count=2359 1111 820 291 1248 712 351 1127 342 785 605 498 300 198 361 257 197 195
is_linear=0
shrinkage=0.0428219


Tree=4
num_leaves=20
num_cat=0
split_feature=11 1 20 18 2 0 1 0 1 14 15 1 4 11 4 11 1 1 20
split_gain=11.6962 8.38931 9.35311 8.01757 7.31608 5.77564 5.47712 5.41949 4.77273 4.70063 4.11847 4.10702 4.00062 3.16744 2.93286 2.72798 2.62868 2.58785 1.3336
threshold=0.6645818708245449 1.0595799399914274 0.076379019237141493 0.18096181076512949 -0.072140795834168367 0.0056060477363458769 -0.4279590961974159 -0.050369489509895511 -0.17769885493846058 0.62761536352954039 0.34049623164383214 0.46972016410507628 -0.4982849930027714 -0.18098603588562476 -0.038647873238878368 -0.04032887868889444 0.019104770069193564 0.35974526973241083 0.060326241246955611
decision_type=2 2 2 2 2 2 2 2 2 2 2 2 2 2 2 2 2 2 2
left_child=1 2 6 16 -3 18 7 14 -8 10 15 12 -10 -14 -1 -5 -4 -7 -2
right_child=5 4 3 9 -6 17 8 -9 11 -11 -12 -13 13 -15 -16 -17 -18 -19 -20
leaf_value=0.00017837553595795061 -3.2057953934482399e-05 1.6458164647505191e-05 -4.574536676208521e-05 1.1694720523520209e-05 0.0001440204729031042 -0.00010072593165549798 -6.1673872341546198e-05 1.5996916606115784e-05 -6.5380744988865764e-06 -2.8435824397087001e-05 6.0373898331386986e-05 -2.3611332670467459e-05 4.1014589724913133e-05 8.5072563814348807e-05 8.4306807215083407e-05 -6.5243870885324561e-05 -0.00014873627098927405 -4.2730828939009278e-05 9.3679494653544798e-06
leaf_weight=101 97 105 151 129 106 111 175 132 124 140 153 148 126 98 105 105 105 100 130
leaf_count=101 97 105 151 129 106 111 175 132 124 140 153 148 126 98 105 105 105 100 130
internal_value=-0.000135807 0.00119168 0.000161095 -0.00326716 0.00928228 -0.00652483 0.00295977 0.00744166 0.000494036 0 0.00218431 0.00282661 0.00550521 0.00893478 0.011794 -0.000867629 -0.00949062 -0.0117174 -0.00108301
internal_weight=2441 2003 1792 783 211 438 1009 338 671 527 387 496 348 224 206 234 256 211 227
internal_count=2441 2003 1792 783 211 438 1009 338 671 527 387 496 348 224 206 234 256 211 227
is_linear=0
shrinkage=0.0428219


Tree=5
num_leaves=17
num_cat=0
split_feature=20 15 0 2 15 2 10 17 10 16 13 10 13 15 10 15
split_gain=10.9767 7.37724 6.79215 5.85663 10.5852 8.71766 5.41315 5.00226 5.05947 4.58509 4.56737 8.89815 3.84011 3.0791 5.20661 1.32028
threshold=0.72018471593421041 0.79662660899743598 0.50276055380956441 0.30101829113034323 -0.65167698324311718 -0.2425049314278126 -0.2194519273261327 -0.62913949631239063 0.064598036458659844 -0.36201418106325511 -0.3852328223973695 -0.03336058555366158 -0.02678787292684106 -0.13955608505348213 0.37110929127548881 0.25870736318665671
decision_type=2 2 2 2 2 2 2 2 2 2 2 2 2 2 2 2
left_child=2 -2 3 4 12 10 9 -4 -9 -5 -6 -12 -1 -7 -15 -8
right_child=1 -3 7 6 5 13 15 8 -10 -11 11 -13 -14 14 -16 -17
leaf_value=4.803808836430058e-05 -9.8597589304031576e-05 -3.9789349638965285e-06 -4.4314489176670521e-05 -0.00016577183917870376 5.885994866071392e-06 4.595533289120593e-05 2.0330505793776955e-05 1.8647553442901015e-05 9.8418252814564427e-05 -1.6556398329776273e-05 -0.0001146843294724377 -6.5811215332602539e-06 0.00016106805290556079 -4.2842171694725488e-05 7.304540603099053e-05 -3.3614135397465077e-05
leaf_weight=155 169 176 131 116 128 128 121 186 165 103 117 152 97 179 113 115
leaf_count=155 169 176 131 116 128 128 121 186 165 103 117 152 97 179 113 115
internal_value=-0.000578146 -0.00766302 0.000570844 -0.000751384 0.000870905 -0.00134917 -0.0048694 0.00504084 0.00777602 -0.0097253 -0.0060122 -0.00919118 0.00862176 0.00272636 0 0
internal_weight=2351 345 2006 1524 1069 817 455 482 351 219 397 269 252 420 292 236
internal_count=2351 345 2006 1524 1069 817 455 482 351 219 397 269 252 420 292 236
is_linear=0
shrinkage=0.0428219


Tree=6
num_leaves=19
num_cat=0
split_feature=1 1 0 1 11 17 2 0 7 2 2 17 17 0 1 14 11 20
split_gain=10.1985 10.7236 9.49137 9.21187 7.62738 6.39851 4.82665 10.252 9.47123 5.16529 3.66937 3.26901 4.60971 5.98933 3.11878 2.78225 1.17122 0.847095
threshold=1.4742514236727697 0.27310023880962592 -0.45349528582349435 0.39605657951135881 0.18214273353291591 0.039543907204615515 0.30991574580975828 -0.78747982672216077 0.56785020160705491 -0.15598641947730338 0.087533705485048061 -0.47442339080747692 0.50936404890795617 0.59942240720292206 -0.38221786785867368 -0.46314865328546206 -0.31788810111137467 -0.64005266548714246
decision_type=2 2 2 2 2 2 2 2 2 2 2 2 2 2 2 2 2 2
left_child=1 4 -3 -4 6 10 7 -1 -8 15 17 -5 13 -13 -7 -9 -11 -6
right_child=-2 2 3 11 5 14 8 9 -10 16 -12 12 -14 -15 -16 -17 -18 -19
leaf_value=0.00023212094998039046 0.00015164829624633738 -0.00011779620175286659 -0.00012514860699442681 -6.0200351942011524e-05 -4.5624210242498577e-05 -7.6138321641732852e-06 -8.8795562509600022e-05 4.8729636629536998e-05 4.0305401522679256e-05 7.8774973663158862e-05 8.8124074203530485e-05 0.00010480815726825365 -2.0287683946694592e-05 -7.5655399669214839e-06 -6.7858737485723192e-05 -4.8443340934915238e-05 2.3862411295084775e-05 4.0842760831220352e-05
leaf_weight=102 139 137 112 104 97 109 131 162 162 121 97 124 133 109 177 154 111 98
leaf_count=102 139 137 112 104 97 109 131 162 162 121 97 124 133 109 177 154 111 98
internal_value=0.000967337 0.000205343 -0.00403441 -0.0013789 0.0023013 -0.00138845 0.00471084 0.00676839 0 0.00412119 0.00274827 0.000978626 0.00312859 0.00693576 -0.0060997 0.000100482 0.00899583 0
internal_weight=2379 2240 719 582 1521 578 943 650 293 548 292 470 366 233 286 316 232 195
internal_count=2379 2240 719 582 1521 578 943 650 293 548 292 470 366 233 286 316 232 195
is_linear=0
shrinkage=0.0428219


Tree=7
num_leaves=19
num_cat=0
split_feature=21 21 7 10 2 9 15 4 11 11 14 4 10 19 19 17 19 21
split_gain=6.93417 10.7082 6.62347 8.40129 7.68534 4.84908 6.51635 5.07052 6.45267 7.34951 6.06754 4.71934 4.29442 4.57199 4.74114 5.742 4.11281 0.344833
threshold=0.39553499322322733 0.50020473154321343 0.30298591167967209 0.10248844172031783 -0.38236808181395948 0.014282772561637099 -0.81918753723032289 0.45957309283599662 0.63572989753494769 -0.23719755903341891 0.14970949457231203 -0.13706335921850557 -0.48160598051719661 0.15618325988558859 -0.13085979073485587 -0.31789775948402466 -0.17806934252780285 0.77272078018361923
decision_type=2 2 2 2 2 2 2 2 2 2 2 2 2 2 2 2 2 2
left_child=5 -2 4 -4 -3 7 -7 8 9 11 -11 -1 -8 14 15 -14 -9 -6
right_child=1 2 3 -5 17 6 12 16 -10 10 -12 -13 13 -15 -16 -17 -18 -19
leaf_value=-7.6742265820641924e-05 0.00010911402405927992 8.6728229634462962e-05 0.00011049450880290987 -5.6966675495665244e-06 -7.2476931844721966e-05 8.7312401867955424e-05 -9.6773397729909218e-05 3.0453091130619914e-05 -0.00011598776381867022 0.00010110034714652685 -6.886097191049646e-06 5.3931186528585738e-05 -0.00011943151077867301 5.5589775381623145e-06 -9.9143390667309818e-05 5.5801868966804481e-05 0.00010598800814528736 -8.5378640166890873e-05
leaf_weight=166 129 106 123 124 99 145 160 145 148 197 97 111 97 186 106 98 102 108
leaf_count=166 129 106 123 124 99 145 160 145 148 197 97 111 97 186 106 98 102 108
internal_value=0.000275471 0.00396148 0.00112721 0.00654267 -0.0027007 -0.00108982 -0.0036085 0.000830779 -0.000818391 0.00103051 0.00593373 -0.00366999 -0.00554229 -0.00314263 -0.00650703 -0.00169987 0.00619596 -0.00780684
internal_weight=2447 689 560 247 313 1758 792 966 719 571 294 277 647 487 301 195 247 207
internal_count=2447 689 560 247 313 1758 792 966 719 571 294 277 647 487 301 195 247 207
is_linear=0
shrinkage=0.0428219


Tree=8
num_leaves=16
num_cat=0
split_feature=1 2 6 19 19 20 8 8 8 2 12 8 8 17 17
split_gain=5.70684 4.95513 5.372 4.66757 3.34811 5.92575 4.72924 4.67967 6.65406 8.38948 6.61891 6.23438 4.1287 3.857 3.05438
threshold=-1.2632416875880226 -1.1934717150105787 1.4734525993403265 -0.51136550360329514 -0.79572719116848056 -0.8460905631919925 -0.26952306926961017 0.76979519964277199 0.48354659420033791 0.11327465004913344 -0.79151709283702421 1.0263637073987735 -0.31873210760926934 -0.042699535653921088 0.33970238079542675
decision_type=2 2 2 2 2 2 2 2 2 2 2 2 2 2 2
left_child=-1 3 4 -2 6 -6 -3 8 10 -10 -7 -9 13 -12 -14
right_child=1 2 -4 -5 5 7 -8 11 9 -11 12 -13 14 -15 -16
leaf_value=-8.5423678312098058e-05 3.0285462425543738e-05 2.0919714737422251e-06 9.4998185112782037e-05 0.00011820106245079042 0.00014717893564875276 -0.00011033566602020393 -0.00012832845435579581 -7.7110372902523922e-05 -2.1566667110292159e-06 0.00010037483326244522 -3.8694821182260389e-06 -6.5912216219173766e-06 -3.2958605250448473e-05 6.4806247008228395e-05 1.1756476730830936e-05
leaf_weight=186 105 134 100 111 97 140 100 105 104 100 161 157 348 204 287
leaf_count=186 105 134 100 111 97 140 100 105 104 100 161 157 348 204 287
internal_value=6.56903e-05 0.000717332 0 0.00688688 -0.000436428 0.000144369 -0.00525926 -0.000393059 0.000533403 0.00771174 -0.000628853 -0.00567782 0.000459964 0.00419299 -0.00146612
internal_weight=2439 2253 2037 216 1937 1703 234 1606 1344 204 1140 262 1000 365 635
internal_count=2439 2253 2037 216 1937 1703 234 1606 1344 204 1140 262 1000 365 635
is_linear=0
shrinkage=0.0428219


Tree=9
num_leaves=19
num_cat=0
split_feature=20 21 16 22 6 22 12 10 14 17 9 10 7 14 10 2 9 21
split_gain=5.63567 5.77207 8.07718 8.1183 5.76542 5.09621 7.2903 5.03267 6.20041 3.71535 3.67086 3.66637 2.98244 2.84632 2.61226 2.54919 1.61135 0.199249
threshold=0.70092560121011094 0.010875484678689382 0.065294181933769929 0.1855298217337838 0.32928754578812947 0.005636318744944596 0.072844756171646333 -0.0050825739116100461 0.60441422566070591 -0.24631700519192173 0.12414483902702329 -0.4043160562566443 -0.40165250099111377 -0.32478334294975625 0.29425725436744787 0.25598842337954958 -0.079748509278603025 -0.23044745745188802
decision_type=2 2 2 2 2 2 2 2 2 2 2 2 2 2 2 2 2 2
left_child=1 5 16 4 -4 6 9 -2 -9 11 13 -1 -13 -8 15 -5 -3 -7
right_child=7 2 3 14 -6 17 10 8 -10 -11 -12 12 -14 -15 -16 -17 -18 -19
leaf_value=-1.5870708184548488e-05 3.9501476376459256e-05 0.00011520337350578473 -6.0674569754377401e-05 9.26016764383431e-05 4.4020067121241625e-06 -6.700861008516604e-05 1.941470567101126e-05 -0.00011314185630207724 -1.9634523469006764e-05 1.086223720960544e-05 -2.058420316315738e-05 -0.00011883309218958869 -3.9210100878656569e-05 0.00016381172154629416 -3.2116077420450525e-07 5.0971382537055848e-06 4.617003433314108e-05 -0.00010564182059194528
leaf_weight=175 122 151 155 108 98 97 99 102 146 164 115 103 117 105 148 97 175 102
leaf_count=175 122 151 155 108 98 97 99 102 146 164 115 103 117 105 148 97 175 102
internal_value=-0.000283345 0.000548676 0.00306646 0 -0.00571054 -0.00150059 0 -0.00517789 -0.00876081 -0.00304427 0.00506604 -0.00539221 -0.00909722 0.00855131 0.00433552 0.00746526 0.00850366 -0.00769032
internal_weight=2379 2009 932 606 253 1077 878 370 248 559 319 395 220 204 353 205 326 199
internal_count=2379 2009 932 606 253 1077 878 370 248 559 319 395 220 204 353 205 326 199
is_linear=0
shrinkage=0.0428219


Tree=10
num_leaves=19
num_cat=0
split_feature=1 16 7 7 1 1 12 20 20 9 15 12 20 1 7 9 21 12
split_gain=11.634 7.86316 8.63246 6.86061 7.2693 7.49882 6.53409 8.56462 9.74201 6.46752 6.12843 5.79469 4.72806 4.6384 3.9491 2.79487 2.29312 0.437261
threshold=1.4742514236727697 0.51592924093111037 1.1345594136473958 0.80236706988077644 0.26465005204825182 -1.2632416875880226 -0.091677251891533654 -0.54501484073348461 -0.2275602572452399 0.10922389754143574 0.41756753256843909 0.093113160656099855 0.04585290051303146 -0.11958851264466351 0.59785435945039123 0.30576643087328775 0.054420047457814653 -0.59739327331971048
decision_type=2 2 2 2 2 2 2 2 2 2 2 2 2 2 2 2 2 2
left_child=1 2 3 4 5 -1 7 17 -9 16 -3 -8 -11 -10 -12 -13 -6 -7
right_child=-2 10 -4 -5 9 6 11 8 13 12 14 15 -14 -15 -16 -17 -18 -19
leaf_value=-8.3630427968526636e-05 0.00013485120837484452 8.8875613962487816e-06 -9.8514069031192884e-05 6.4897459246398829e-05 -2.776697241284847e-05 0.00014559647505557011 -8.2787347260733873e-05 -9.2457599229398414e-05 1.7897174998403052e-05 -0.0001463068464560874 -9.5067630068976027e-05 -3.8184707214119544e-06 -2.3026687247103172e-05 0.00010973776238645987 -1.8631828821796234e-05 6.5243067248388876e-05 5.1567081861950096e-05 8.0277880222398757e-05
leaf_weight=148 136 110 126 97 146 112 128 106 243 98 117 189 97 113 105 112 108 97
leaf_count=148 136 110 126 97 146 112 128 106 243 98 117 189 97 113 105 112 108 97
internal_value=0 -0.000698636 0.000284173 0.00111569 0.000397216 0.00215278 0.00345456 0.00610986 0.00247852 -0.00417153 -0.0068023 -0.000373456 -0.0100438 0.00610318 -0.010944 0.00252385 0 0.0134685
internal_weight=2388 2252 1920 1794 1697 1248 1100 671 462 449 332 429 195 356 222 301 254 209
internal_count=2388 2252 1920 1794 1697 1248 1100 671 462 449 332 429 195 356 222 301 254 209
is_linear=0
shrinkage=0.0428219


Tree=11
num_leaves=17
num_cat=0
split_feature=13 9 14 14 21 9 0 14 16 14 10 14 0 5 21 13
split_gain=5.90453 4.78046 7.94329 8.89277 11.5229 6.34526 6.06264 4.62788 6.43765 4.04847 3.96317 4.52958 3.09711 6.44505 5.18633 2.91508
threshold=0.68976355108553755 0.094353980615579522 -1.0167421603789315 -0.21440853248274314 -0.088946446490701811 0.91166868641427257 -0.12927885840482459 -0.25437387502228387 0.46080269803730506 0.43847246476267893 0.094241161206351898 -0.4066146293587794 0.050539369744330258 0.563037383514993 0.13681055009075757 -0.20888738455587252
decision_type=2 2 2 2 2 2 2 2 2 2 2 2 2 2 2 2
left_child=1 2 -1 4 6 9 -4 -2 -9 10 11 -3 14 -14 -5 -7
right_child=7 5 3 12 -6 15 -8 8 -10 -11 -12 -13 13 -15 -16 -17
leaf_value=-9.4546911062394417e-05 -6.5988985570615075e-05 -9.1985266007078826e-05 7.4957522628265867e-05 -2.2832328820408721e-05 0.00014415035992565938 7.1532396450729659e-05 -4.0458718858987396e-05 6.889933227950154e-05 6.8750145207151336e-07 2.8154866539465208e-07 -7.4832104866648816e-05 -1.2192896674236514e-06 -7.9228976135429561e-05 3.4304593268985895e-05 4.9467176847606247e-05 -4.3435682951439325e-05
leaf_weight=138 112 140 104 190 101 113 126 190 172 129 171 190 172 117 168 116
leaf_count=138 112 140 104 190 101 113 126 190 172 129 171 190 172 117 168 116
internal_value=-0.000694893 -0.0017723 0 0.00143357 0.00721094 -0.00417449 0.00125505 0.00349983 0.00600203 -0.0064395 -0.00818299 -0.00476743 -0.00130656 -0.00470292 0.00104556 0.00144751
internal_weight=2449 1975 1116 978 331 859 230 474 362 630 501 330 647 289 358 229
internal_count=2449 1975 1116 978 331 859 230 474 362 630 501 330 647 289 358 229
is_linear=0
shrinkage=0.0428219


Tree=12
num_leaves=20
num_cat=0
split_feature=1 12 2 12 8 12 15 12 21 5 1 2 21 19 20 21 21 0 11
split_gain=5.61363 4.03372 7.33358 6.36073 5.05091 4.97096 10.8641 6.90398 6.22709 6.21317 5.61112 5.60565 4.9172 3.29379 4.54214 3.15818 3.15501 2.41216 0.432785
threshold=1.7014879676688508 0.81984867730711886 -0.32063401990634799 0.65372507869884589 0.44900127078319935 -0.95664660076213603 -0.32180855196705599 -0.0075109073838846843 -0.29333699718907891 -0.25606877699590963 -0.3538056457044883 0.73927378471125971 0.097175611598642769 -0.55709227771479564 0.38105659694114774 0.068386230250661248 0.45075310826920456 -0.30468020045867655 0.15879171817690788
decision_type=2 2 2 2 2 2 2 2 2 2 2 2 2 2 2 2 2 2 2
left_child=1 3 -3 4 5 6 -1 8 10 -9 -7 18 -10 -6 15 -15 -4 -14 -11
right_child=-2 2 16 -5 13 7 -8 9 12 11 -12 -13 17 14 -16 -17 -18 -19 -20
leaf_value=1.9595377123011707e-05 0.00011515449273906743 7.6391846558670408e-05 -0.00011688036390170149 9.2908293116441653e-05 -2.4493446411136197e-05 4.755358909495413e-05 -0.00018583780049032277 2.4381266865829029e-05 8.5784457794111407e-05 -6.2973347004021757e-05 -7.1704638442373746e-05 1.5211109940224958e-05 5.5032894413232589e-05 0.00010366069106264987 -4.2342739702146717e-06 2.0241356404798338e-05 -4.7220647741533064e-05 -1.3244135830596795e-05 -9.3160298992429308e-05
leaf_weight=118 116 105 103 98 99 115 107 176 152 144 171 100 99 102 143 106 102 142 99
leaf_count=118 116 105 103 98 99 115 107 176 152 144 171 100 99 102 143 106 102 142 99
internal_value=0 -0.000520796 -0.00507498 0.000124739 -0.000359891 -0.00167739 -0.00756295 -0.000455432 0.00225402 -0.00426896 -0.00220706 -0.0077077 0.00585548 0.00349617 0.00558015 0.00962201 -0.00997167 0.00137544 -0.0112318
internal_weight=2397 2281 310 1971 1873 1423 225 1198 679 519 286 343 393 450 351 208 205 241 243
internal_count=2397 2281 310 1971 1873 1423 225 1198 679 519 286 343 393 450 351 208 205 241 243
is_linear=0
shrinkage=0.0428219


Tree=13
num_leaves=17
num_cat=0
split_feature=9 9 11 20 5 9 15 12 15 22 22 11 11 11 8 21
split_gain=9.45767 7.92696 6.9897 13.2302 7.33178 5.64764 4.16426 3.90551 4.19145 4.9677 5.12583 3.67435 3.50528 4.98876 1.91861 1.63671
threshold=0.25575002031429911 0.53881381026877972 0.057929581166348755 -0.99396262965316529 -0.033353633833972454 -0.28875846512274989 0.050726476910724939 0.79173800187772703 -0.38256714407811238 -0.34652898298164131 0.21108814788820388 -0.47400707029569866 0.20060646740270491 0.62701484069676772 -0.09883735958544454 0.063519831752842107
decision_type=2 2 2 2 2 2 2 2 2 2 2 2 2 2 2 2
left_child=2 14 3 -1 15 -6 -7 8 -4 -10 -11 -3 -13 -14 -2 -5
right_child=1 11 7 4 5 6 -8 -9 9 10 -12 12 13 -15 -16 -17
leaf_value=0.00013630567440838185 -6.2890166831132177e-05 2.0776427011035261e-05 -8.0395797424557395e-05 -0.00010020627014150202 -2.743978368771195e-05 8.6960558506472686e-05 -2.7413016944839488e-06 0.00013509295357984211 0.00013851256382429807 -2.6431727285439336e-05 3.0047483151328704e-05 -5.1010808737128225e-05 7.6540842658424249e-05 -5.3190227294873729e-05 -7.4689567918443829e-05 -2.7611884140270918e-05
leaf_weight=139 128 134 130 192 189 97 97 118 108 148 193 193 107 121 174 97
leaf_count=139 128 134 130 192 189 97 97 118 108 148 193 193 107 121 174 97
internal_value=-0.000755787 -0.0043841 0.00121369 -0.00135916 -0.00399797 0 0.00501928 0.00440749 0.0026433 0.00474373 0.00172553 -0.00106021 -0.00322843 0 -0.0100301 -0.0091478
internal_weight=2365 857 1508 811 672 383 194 697 579 449 341 555 421 228 302 289
internal_count=2365 857 1508 811 672 383 194 697 579 449 341 555 421 228 302 289
is_linear=0
shrinkage=0.0428219


Tree=14
num_leaves=18
num_cat=0
split_feature=14 21 2 22 0 12 11 19 11 19 19 19 2 19 22 12 10
split_gain=6.34007 9.74559 9.0101 8.68281 6.83399 4.56573 5.11763 4.78489 5.13117 4.86979 4.06717 4.10211 4.03497 3.91771 4.47341 3.30976 1.56402
threshold=-0.10462508410376535 0.27129854212096444 0.59326429864163122 -0.52569791890229289 1.4459356153911493 -0.79151709283702421 0.6430735212762777 0.86975451067754384 0.4083559661225647 0.51374353543389129 0.18807226854256573 -0.097938249220305515 -0.71994626293474162 -0.72115717918591737 -0.036738300364136812 0.007676589164411554 0.31619387710430219
decision_type=2 2 2 2 2 2 2 2 2 2 2 2 2 2 2 2 2
left_child=1 2 3 12 5 -2 7 8 9 10 11 -7 -1 -5 -15 -8 -17
right_child=4 -3 -4 13 -6 6 15 -9 -10 -11 -12 -13 -14 14 -16 16 -18
leaf_value=1.2929618567470319e-05 -9.2340488924127774e-05 0.00010355099796970698 -9.8732199444184667e-05 -8.7016933714728807e-05 7.0345364116484568e-05 1.8545337587295677e-06 3.9696443952777552e-07 3.0357268386315658e-05 5.4419800874500671e-05 -5.6430182200867539e-05 2.3837858885327316e-05 -4.9328979970537213e-05 0.00013041805050980213 7.5315042812913757e-05 -3.9409171634538879e-05 -4.3726443735085793e-05 -0.00011598712107312013
leaf_weight=142 158 168 144 104 101 165 98 160 97 153 125 98 174 146 183 112 98
leaf_count=142 158 168 144 104 101 165 98 160 97 153 125 98 174 146 183 112 98
internal_value=-1.3089e-05 0.00241112 0.000467125 0.00250073 -0.00199963 -0.00293859 -0.0018097 0 -0.00166058 -0.00346216 -0.000523278 -0.00386534 0.00795972 -0.00116114 0.000747263 -0.00649817 -0.00953038
internal_weight=2426 1061 893 749 1365 1264 1106 798 638 541 388 263 316 433 329 308 210
internal_count=2426 1061 893 749 1365 1264 1106 798 638 541 388 263 316 433 329 308 210
is_linear=0
shrinkage=0.0428219


Tree=15
num_leaves=21
num_cat=0
split_feature=13 15 16 7 16 22 11 11 7 13 13 2 18 16 19 10 13 22 18 19
split_gain=8.18304 8.56499 5.31098 7.18735 6.74967 6.44579 4.9387 5.07142 4.6282 8.26253 4.32512 3.58674 2.74634 2.59385 2.41784 1.97638 2.73859 1.47482 1.34208 0.0325244
threshold=0.7314443208742325 -0.9708813550542591 0.12605484718173163 0.59785435945039123 -0.9662137286517789 0.3202801659330326 -0.34134991599351067 0.69582390851270304 0.4675059708564191 0.21672066147671779 -0.37715777767032538 0.11930082283725355 -0.35177050070798926 0.54943341703015203 -0.31535277066621964 0.53808709020660039 -0.13998355978917845 -0.7196104794398116 -0.42452464514836125 0.69024220493466271
decision_type=2 2 2 2 2 2 2 2 2 2 2 2 2 2 2 2 2 2 2 2
left_child=1 17 4 5 -3 15 -2 19 9 10 12 -7 -6 -5 -12 16 -4 -1 -10 -8
right_child=6 2 3 13 8 11 7 -9 18 -11 14 -13 -14 -15 -16 -17 -18 -19 -20 -21
leaf_value=0.00011194629130250435 -3.6526865156152802e-05 -0.00011823831560024908 -3.0892217453150764e-05 5.3099692154668461e-05 9.5192394116172063e-05 4.1653083482286834e-05 6.9240457230561228e-05 4.6669526498657439e-06 -7.8748608045833517e-05 6.4252083593646092e-05 4.5050945198455079e-06 -7.3337732933789784e-05 4.17622701602238e-06 -1.2632559704377411e-05 -6.3718785174758126e-05 -3.305478582822088e-05 -9.6721891344520367e-05 2.2503789309579137e-05 -3.4473074516855623e-06 8.9778993922027953e-05
leaf_weight=130 112 97 99 102 128 143 127 101 101 152 112 122 143 100 143 99 104 100 97 97
leaf_count=130 112 97 99 102 128 143 127 101 101 152 112 122 143 100 143 99 104 100 97 97
internal_value=0.000315367 -0.000797833 -0.00188644 -0.00455168 7.66441e-05 -0.00707946 0.00565788 0.00839807 0.00140495 0.0032047 0.000385997 -0.00157404 0.00438325 0.00185294 -0.00331493 -0.011448 -0.0142884 0.00684005 -0.00405288 0.0119932
internal_weight=2409 1972 1742 769 973 567 437 325 876 678 526 265 271 202 255 302 203 230 198 224
internal_count=2409 1972 1742 769 973 567 437 325 876 678 526 265 271 202 255 302 203 230 198 224
is_linear=0
shrinkage=0.0428219


Tree=16
num_leaves=18
num_cat=0
split_feature=16 5 17 16 16 9 1 1 2 8 14 1 8 0 5 20 17
split_gain=6.80854 9.55279 6.07305 6.27241 7.61162 6.67704 5.91841 7.16891 5.42168 4.99406 4.66716 4.31007 7.3853 6.78626 4.20878 3.63679 3.10927
threshold=0.46080269803730506 0.70616434531647931 0.28933230145315797 0.074820582092048407 -0.44074118580544547 -0.12253933744523816 -0.45116649317249397 0.5729594023636031 -1.6722447360056305 0.44900127078319935 0.060376439827709495 0.010654583307819486 -0.085709992528987825 0.057334579121719194 -0.040644947384446149 -0.85971925217117684 -0.11544313276711764
decision_type=2 2 2 2 2 2 2 2 2 2 2 2 2 2 2 2 2
left_child=2 9 3 4 8 10 -4 -8 -1 -2 -6 12 15 -13 -5 -10 -7
right_child=1 -3 6 14 5 16 7 -9 11 -11 -12 13 -14 -15 -16 -17 -18
leaf_value=9.8417135311612002e-05 -9.2979506657877469e-05 1.6318039815464231e-05 -1.4347622138362047e-05 -9.9837305095324763e-05 0.00013544532845624188 5.4639428453192043e-05 0.00011475806809194699 1.5664170451094738e-05 0.00013683043254567709 -1.0957734781503749e-05 3.0201994391795913e-05 -0.00014112676567434401 -0.00011570509679907452 -1.4676294520364507e-05 -1.4677650514208935e-06 1.0960931929751027e-05 -5.8040998742407129e-05
leaf_weight=98 162 172 118 140 107 134 187 119 97 170 118 102 146 143 166 144 110
leaf_count=98 162 172 118 140 107 134 187 119 97 170 118 102 146 143 166 144 110
internal_value=0.000382658 -0.0039712 0.00159257 0.000220268 0.00170505 0.00600226 0.00613432 0.00933928 -0.000864718 -0.00834999 0.011369 -0.00248939 0 -0.00694561 -0.00514132 0.00492884 0.000481102
internal_weight=2433 504 1929 1505 1199 469 424 306 730 332 225 632 387 245 306 241 244
internal_count=2433 504 1929 1505 1199 469 424 306 730 332 225 632 387 245 306 241 244
is_linear=0
shrinkage=0.0428219


Tree=17
num_leaves=20
num_cat=0
split_feature=4 1 9 1 19 21 16 15 13 13 13 13 19 8 12 4 11 11 17
split_gain=6.02097 7.43016 6.38872 5.27503 7.94561 10.4345 7.49892 9.26827 4.3291 6.75736 6.60666 4.22384 6.15738 4.18649 3.83047 3.75079 2.23418 4.54759 0.303852
threshold=-0.13706335921850557 -0.29373583981385093 0.057230747430967878 1.108382830200233 0.29918986898871358 -0.11028749931416064 -0.77023586876462813 -0.10956333687291184 0.71466563512402692 0.31052657028190128 -0.17358928485082922 -0.62293892945215401 0.078561973749522354 -0.13957010870130254 -0.24382835367537414 0.34798330421632573 0.38789292950693882 -0.30977633828537704 0.18096181076512949
decision_type=2 2 2 2 2 2 2 2 2 2 2 2 2 2 2 2 2 2 2
left_child=1 11 16 4 5 6 -2 -8 9 10 -6 -1 -13 -4 -9 -7 17 -3 -15
right_child=3 2 13 -5 8 15 7 14 -10 -11 -12 12 -14 18 -16 -17 -18 -19 -20
leaf_value=9.4114319581001447e-05 8.2865493313140839e-05 -2.9339258786876173e-05 -1.807774848948655e-05 9.6621945536734137e-05 -7.6196242419326407e-05 0.00010875219680989285 -0.0001120335592166582 6.9768867142233954e-05 3.0381504534657064e-05 -7.5739898333931848e-05 6.4698757812272552e-05 -6.1261727319540039e-05 4.7493512544245992e-05 -0.00020891875002253252 -1.5668525303096387e-05 2.8513390703373726e-05 -3.131563001751092e-05 5.7844986797586749e-05 -5.3089338764355604e-05
leaf_weight=118 98 112 116 147 125 153 145 111 101 100 113 137 106 97 121 143 116 145 104
leaf_count=118 98 112 116 147 125 153 145 111 101 100 113 137 106 97 121 143 116 145 104
internal_value=0.000653376 -0.00170068 -0.00439015 0.00257942 0.0015126 0.00420663 0 -0.00246941 -0.00290099 -0.0054147 -0.000853048 0.0030533 0 -0.00888015 0.0023516 0.0105227 -0.000199926 0.00162304 -0.0127264
internal_weight=2408 1051 690 1357 1210 771 475 377 439 338 238 361 243 317 232 296 373 257 201
internal_count=2408 1051 690 1357 1210 771 475 377 439 338 238 361 243 317 232 296 373 257 201
is_linear=0
shrinkage=0.0428219


Tree=18
num_leaves=19
num_cat=0
split_feature=8 16 0 14 21 9 7 5 21 16 8 14 21 16 8 0 0 21
split_gain=6.30534 6.51029 4.7407 6.36907 5.14732 5.8449 5.10187 8.04238 5.84171 5.10505 5.06073 4.03485 3.75367 4.10894 5.60868 5.51894 3.7531 2.23791
threshold=-0.50942651941337658 0.61279640035595084 0.90469718848212022 1.0897614807630012 0.28337158162939108 -1.1144943106524956 -0.15243330529206431 0.14198358493305782 -0.1564230610698549 -0.55233233589470154 -0.012897926490356782 0.2965350207120499 0.37207634060617772 -0.6102546228542981 -0.82616833324689154 0.14108553469803789 0.24004077125626436 0.32613576127259131
decision_type=2 2 2 2 2 2 2 2 2 2 2 2 2 2 2 2 2 2
left_child=12 2 3 4 5 -2 8 -8 9 -7 -6 -12 13 15 -15 -1 -9 -4
right_child=1 -3 17 -5 10 6 7 16 -10 -11 11 -13 -14 14 -16 -17 -18 -19
leaf_value=0.00013489170744416295 4.5472952669530686e-05 2.6002996705862517e-05 3.6633820581447619e-05 -0.00012791117034207275 -2.8479568620851576e-05 -7.7837223991834311e-05 2.2073150858119278e-05 -6.2836176576778501e-05 -0.00014568449288703065 2.1337708643227306e-05 -3.6101106165164732e-06 4.8463551894464753e-05 0.00011192158440092492 -8.937650274595704e-05 2.9014289429663738e-05 -7.6861799573599437e-05 -9.2669732633052712e-06 -1.4822727545356109e-05
leaf_weight=165 109 111 131 104 151 130 153 173 142 113 171 153 98 98 106 100 101 102
leaf_count=165 109 111 131 104 151 130 153 173 142 113 171 153 98 98 106 100 101 102
internal_value=-0.000847933 -0.0021072 -0.00281049 -0.00373235 -0.00284478 -0.00473037 -0.0060509 -0.00238082 -0.00975863 -0.00488828 0.000517587 0.00379844 0.00300132 0.00107201 -0.00309413 0.00480565 -0.00699191 0.00252528
internal_weight=2411 1844 1733 1500 1396 921 812 427 385 243 475 324 567 469 204 265 274 233
internal_count=2411 1844 1733 1500 1396 921 812 427 385 243 475 324 567 469 204 265 274 233
is_linear=0
shrinkage=0.0428219


Tree=19
num_leaves=19
num_cat=0
split_feature=12 13 9 11 11 10 2 13 8 13 11 12 21 11 13 18 5 13
split_gain=6.9827 5.00082 5.85663 4.57836 9.55678 6.41665 5.89176 11.5497 9.05103 5.97104 5.43652 4.40535 3.94498 4.0714 2.92628 2.02435 2.77904 0.875614
threshold=-0.79151709283702421 -0.62293892945215401 -0.34984149769896389 -0.13896885796752209 0.51198955212000574 0.24165958467824658 -0.29107176819215225 0.099076446980320101 0.17074351866918888 0.22397369566268557 -0.48137775676606609 -0.17363450599215771 0.35762678278550081 0.93063986481550376 0.99676031139693444 0.029295201229818352 0.27525889516321439 0.01073449059523234
decision_type=2 2 2 2 2 2 2 2 2 2 2 2 2 2 2 2 2 2
left_child=1 2 -1 6 11 12 9 8 -8 -2 -9 -5 13 -6 15 -13 -17 -3
right_child=3 17 -4 4 5 -7 7 10 -10 -11 -12 14 -14 -15 -16 16 -18 -19
leaf_value=-8.5742239710601229e-05 -0.00010461823980667606 -9.9186625855307217e-05 7.7650541182934475e-05 9.0888158184025328e-05 7.3975340723575516e-05 -3.8581575583259754e-05 1.741631965537551e-05 -0.00010691479212309611 0.00012855111831473452 2.5729358751645894e-05 6.5669516513051801e-06 5.2217053724891606e-05 -1.573634464438861e-05 -1.2486215616827675e-05 9.3662256731864201e-05 -3.5995028672494395e-05 3.9418137869533099e-05 -9.95351015059676e-05
leaf_weight=105 175 104 98 177 111 187 185 139 116 101 111 143 119 101 98 160 97 97
leaf_count=105 175 104 98 177 111 187 185 139 116 101 111 143 119 101 98 160 97 97
internal_value=0.000119094 -0.00495412 0 0.00120285 0.00293401 -0.0012186 -0.00112575 0.00122334 0.00707605 -0.00632068 -0.00526524 0.00632741 0.00203639 0.00580498 0.00384708 0.00179218 0 -0.00974405
internal_weight=2424 404 203 2020 1193 518 827 551 301 276 250 675 331 212 498 400 257 201
internal_count=2424 404 203 2020 1193 518 827 551 301 276 250 675 331 212 498 400 257 201
is_linear=0
shrinkage=0.0428219


Tree=20
num_leaves=20
num_cat=0
split_feature=2 0 6 12 8 11 21 14 20 0 16 8 2 7 0 7 21 20 8
split_gain=10.108 4.584 9.8412 7.00246 7.29716 4.51921 4.44043 4.40104 4.61163 3.89741 6.81695 6.62563 4.65541 4.58119 3.75587 2.77479 2.62526 1.02065 0.21006
threshold=-1.2550767773069491 0.63288881338656255 0.83580575932555023 0.35036173855415037 0.26960921736089866 0.27601443977747447 0.047111380761220463 0.50946658564590752 0.46308274159369361 -0.13734816954047394 -0.77023586876462813 0.094221523117720918 0.45686552598786395 -0.021287190941703164 0.19918457487471333 -1.4494217696941565 0.11063075906656929 -0.12945584563176168 0.75463999689123773
decision_type=2 2 2 2 2 2 2 2 2 2 2 2 2 2 2 2 2 2 2
left_child=15 3 6 7 5 -5 -3 9 -9 10 -2 14 13 16 -11 -1 -12 -13 -6
right_child=1 2 -4 4 18 -7 -8 8 -10 11 12 17 -14 -15 -16 -17 -18 -19 -20
leaf_value=2.95908428080244e-05 8.0394609646077737e-05 -6.1972925208650343e-05 7.7605671395683095e-05 6.3631778759104648e-05 -6.4150236617278668e-05 -6.0885199321610504e-05 3.7558392281336309e-05 8.0854363998128075e-05 -6.6867265075439023e-06 -7.8020220016898216e-05 -8.0328114147563235e-05 -3.8666276408623419e-05 -9.8251462187779644e-05 5.6218101490954864e-05 -2.4901582696278158e-05 0.00015329070292589782 6.0796877225193698e-06 4.0407708943361794e-05 -3.8040717432760635e-05
leaf_weight=103 152 106 135 129 110 100 155 131 99 177 140 103 105 137 141 99 106 100 98
leaf_count=103 152 106 135 129 110 100 155 131 99 177 140 103 105 137 141 99 106 100 98
internal_value=-4.83912e-05 -0.000938483 0.00310785 -0.00189139 -0.00663774 -0.000699592 -0.00127005 -0.000299889 0.00497838 -0.00146579 0.000584872 -0.00425257 -0.0016445 0.000194706 -0.00817897 0.0090599 -0.00291402 0.00121104 -0.012504
internal_weight=2426 2224 396 1828 437 229 261 1391 230 1161 640 521 488 383 318 202 246 203 208
internal_count=2426 2224 396 1828 437 229 261 1391 230 1161 640 521 488 383 318 202 246 203 208
is_linear=0
shrinkage=0.0428219


Tree=21
num_leaves=19
num_cat=0
split_feature=5 7 20 2 12 7 17 1 1 15 14 21 1 21 12 7 14 1
split_gain=6.73342 8.52114 6.06796 7.10204 6.20499 5.86197 6.40184 8.25112 5.64835 5.02568 4.92447 3.88045 8.25833 5.05616 4.76409 2.5966 2.07638 1.84834
threshold=0.035164454762795359 -0.32268732051170473 0.035526351640566847 0.041462753849785032 -0.37421991495001927 0.87766996393312657 0.2770736704434888 0.26465005204825182 0.33978323433959962 -0.33008339592344144 -0.24659894915819555 0.080969851636514698 -0.29373583981385093 -0.82472485939726836 0.27392721047108859 -0.13440953789922547 -0.31589182578492053 -0.031412650786847095
decision_type=2 2 2 2 2 2 2 2 2 2 2 2 2 2 2 2 2 2
left_child=1 11 3 -2 -4 6 -6 -8 9 -3 -5 12 -1 -14 -13 -11 -15 -12
right_child=2 8 4 10 5 -7 7 -9 -10 15 17 14 13 16 -16 -17 -18 -19
leaf_value=3.4873464870203512e-05 0.00013744266988386034 -0.00014255728404205669 -7.9534337565929068e-05 -4.5812705474994335e-05 6.159158387597021e-05 3.1538522759404234e-05 -9.9424335885191584e-05 2.4248692483704932e-06 -0.00011167803358945734 -4.2179485428496001e-05 7.9088291262517352e-06 -9.8431127180089231e-06 1.61732188770585e-06 -8.7747989508001739e-05 9.6628210565258816e-05 1.2461495842690168e-05 -4.2115165711931813e-05 5.6053010434928102e-05
leaf_weight=180 131 105 115 163 133 140 122 130 131 114 113 149 126 101 102 135 97 109
leaf_count=180 131 105 115 163 133 140 122 130 131 114 113 149 126 101 102 135 97 109
internal_value=-0.000906858 -0.0031336 0.001361 0.00487467 -0.00125394 0.000468295 -0.00197322 -0.00624295 -0.00757004 -0.00420231 0.00152834 -9.87739e-05 -0.00244191 -0.00670593 0.00405012 -0.00029948 -0.0109729 0.00592927
internal_weight=2396 1240 1156 516 640 525 385 252 485 354 385 755 504 324 251 249 198 222
internal_count=2396 1240 1156 516 640 525 385 252 485 354 385 755 504 324 251 249 198 222
is_linear=0
shrinkage=0.0428219


Tree=22
num_leaves=18
num_cat=0
split_feature=13 14 16 22 1 8 21 7 18 22 21 13 7 0 0 16 16
split_gain=6.74329 6.54708 5.45377 7.61399 9.25342 10.0894 7.73749 7.25476 5.5101 5.41023 5.05859 4.88228 4.09379 4.02309 3.60507 3.05465 10.9321
threshold=1.0161017358928486 0.5584844645249839 0.087223219612087496 -0.1859291705799466 -0.34719245606515209 0.19150015209370858 -0.63619726235610397 0.76712209555304167 -0.89719454281291933 0.59259841587638851 -0.16274683981105745 0.19704076205212517 0.047380075227956182 0.63288881338656255 -0.13734816954047394 0.34875402767296193 0.50047223360395998
decision_type=2 2 2 2 2 2 2 2 2 2 2 2 2 2 2 2 2
left_child=2 13 3 4 8 6 -6 9 -1 10 -4 14 -11 -2 -5 -12 -17
right_child=1 -3 7 11 5 -7 -8 -9 -10 12 15 -13 -14 -15 -16 16 -18
leaf_value=-0.00010246932756854759 7.1322578382987858e-05 -2.1692563009353631e-05 4.4707933165983249e-06 7.5817953732246399e-05 -6.6384700485634172e-05 7.4493218150337604e-05 -9.0841741104755343e-05 3.1244237795199501e-05 9.9218094796537493e-05 6.2000911996667356e-05 -9.50571772106386e-05 7.6698636534803453e-05 -5.6950936435730847e-05 0.00013155711753386746 -1.4926187277207664e-05 8.586242614337988e-06 -7.7976028576062672e-05
leaf_weight=107 97 101 118 165 193 115 114 165 171 115 149 150 99 99 160 124 106
leaf_count=107 97 101 118 165 193 115 114 165 171 115 149 150 99 99 160 124 106
internal_value=0.000852446 0.006883 0 0.00188565 -0.000779431 -0.00494576 -0.00916939 -0.00257813 0.00504302 -0.00456161 -0.00704264 0.00610674 0.00054854 0.0115218 0.00260099 -0.00946119 -0.00535072
internal_weight=2348 297 2051 1175 700 422 307 876 278 711 497 475 214 196 325 379 230
internal_count=2348 297 2051 1175 700 422 307 876 278 711 497 475 214 196 325 379 230
is_linear=0
shrinkage=0.0428219


Tree=23
num_leaves=19
num_cat=0
split_feature=1 21 1 17 10 1 9 22 9 22 13 2 10 13 13 13 19 1
split_gain=7.98313 5.81798 7.31725 7.72905 6.46402 6.37762 5.65381 5.2572 4.53918 7.38137 4.17126 4.43407 4.12088 4.03592 5.34463 4.31446 2.79097 2.01897
threshold=-1.3227603943420487 0.40845189851663727 -0.27579450125528132 -0.22427111377138134 0.96590748511128999 1.0595799399914274 -0.040660748204079042 -0.82629102367815832 0.0054261223338131952 -0.27813331914489131 -0.20888738455587252 0.11327465004913344 -0.24938664301499983 -0.23582031816643292 0.79942942797737071 0.39654755572747941 0.86975451067754384 -0.50321474496356611
decision_type=2 2 2 2 2 2 2 2 2 2 2 2 2 2 2 2 2 2
left_child=-1 2 3 6 5 7 -2 -4 10 -10 -9 -12 -11 -3 15 -15 -16 -5
right_child=1 13 4 17 -6 -7 -8 8 9 12 11 -13 -14 14 16 -17 -18 -19
leaf_value=-9.8916968033996522e-05 4.8351109961224105e-05 -1.60413949302329e-05 7.2049647421813603e-05 -4.747369228565616e-05 -5.7306342167873038e-05 0.00011319330038394296 0.00011281239346750564 5.7917897865578579e-05 -0.00015033737917445809 1.9984307074567834e-05 5.2797636791955146e-06 -7.6115103247167555e-05 -5.7483467417696093e-05 5.0252231964635616e-05 -4.1427996939413619e-05 0.00010968068888875704 6.2651208659682029e-05 2.8329432128412252e-05
leaf_weight=168 162 102 146 149 122 129 113 151 98 98 134 111 163 156 98 100 121 100
leaf_count=168 162 102 146 149 122 129 113 151 98 98 134 111 163 156 98 100 121 100
internal_value=0.00102131 0.00174368 0.000376643 0.00463681 -0.00144007 -0.000197124 0.00961348 -0.0016036 -0.00316145 -0.00664855 0 -0.00345022 -0.00225439 0.00547252 0.00718852 0.0114977 0.0015136 -0.00029948
internal_weight=2421 2253 1676 524 1152 1030 275 901 755 359 396 245 261 577 475 256 219 249
internal_count=2421 2253 1676 524 1152 1030 275 901 755 359 396 245 261 577 475 256 219 249
is_linear=0
shrinkage=0.0428219


Tree=24
num_leaves=20
num_cat=0
split_feature=15 13 1 7 5 16 8 8 20 8 7 9 0 0 20 8 5 12 18
split_gain=5.64006 10.8351 7.57509 7.19079 9.10171 6.49689 5.67596 5.51325 5.27217 5.19488 5.60729 4.55785 3.99678 3.37152 2.50562 4.70743 2.42932 2.15146 1.87711
threshold=-0.28128512600036254 0.35365794690778979 0.23305370154920094 0.60651572728415493 -0.46540689054068529 -0.49972205810341558 -0.61248748076733939 0.1636014376916107 -0.2275602572452399 0.58097143620509129 -0.042228700722304405 -0.079748509278603025 -0.17336277924063534 0.027180837509555768 0.75088925745354651 -0.091331993429057068 0.10246708505326928 0.48992102501794893 0.24249623592261429
decision_type=2 2 2 2 2 2 2 2 2 2 2 2 2 2 2 2 2 2 2
left_child=1 2 5 4 12 6 -1 11 -7 18 -11 13 -2 -6 15 -5 -13 -3 -9
right_child=3 17 -4 14 7 8 -8 9 -10 10 -12 16 -14 -15 -16 -17 -18 -19 -20
leaf_value=0.00015056245311384768 8.7133115232519308e-05 0.000115005668641431 -9.2535421163883412e-05 8.0633858120818448e-05 -3.5876239568156328e-05 -0.00010928427350344036 1.4871156769663554e-05 -1.8693866429803672e-05 4.5484019223884929e-05 -0.00012830544881024667 -5.5684410830072538e-08 3.607421493958095e-07 -9.9588227990901595e-06 -0.0001386248598529417 -5.8861090999743974e-06 1.2174439171051344e-05 -6.855036643487211e-05 0.00010350050942689049 3.2815582952901205e-05
leaf_weight=130 137 110 140 119 100 102 152 99 98 100 146 141 132 101 112 168 115 121 102
leaf_count=130 137 110 140 119 100 102 152 99 98 100 146 141 132 101 112 168 115 121 102
internal_value=0.000666454 0.00350105 0.000326424 -0.000782921 -0.00254596 0.00308639 0.00740093 -0.00467722 -0.00229965 -0.000933184 -0.00535085 -0.00803383 0.00409748 -0.0131524 0.00405034 0.00622764 -0.00346924 0.0114445 0.00377937
internal_weight=2425 853 622 1572 1173 482 282 904 200 447 246 457 269 201 399 287 256 231 201
internal_count=2425 853 622 1572 1173 482 282 904 200 447 246 457 269 201 399 287 256 231 201
is_linear=0
shrinkage=0.0428219


Tree=25
num_leaves=20
num_cat=0
split_feature=0 14 13 13 9 13 3 11 0 13 22 16 7 0 9 20 20 4 21
split_gain=10.4561 3.66074 3.63324 5.87064 5.17574 7.11445 4.92405 10.0261 8.9178 4.4506 4.17696 4.12145 5.54651 3.97799 2.5323 2.9597 1.60417 1.3449 0.893984
threshold=1.4827146861462672 1.2269105212612403 -0.22967941588898019 -0.44088777138436241 -0.32618533678156242 -0.86862337411150314 -1.0000000180025095e-35 -0.2558491848807925 -0.29100484158668133 0.060973840723369283 -0.036738300364136812 0.43971272751876683 -0.24649242402266505 0.3053597213964156 0.43610086811369714 -0.20392055527283307 -0.43904752110970185 1.0000000180025095e-35 0.19565035026551622
decision_type=2 2 2 2 2 2 2 2 2 2 2 2 2 2 2 2 2 2 2
left_child=1 2 3 4 5 -1 7 16 -9 -8 -10 12 -11 -13 15 -6 -4 -5 -14
right_child=-2 -3 6 17 14 -7 9 8 10 11 -12 13 18 -15 -16 -17 -18 -19 -20
leaf_value=-2.8182434428582299e-05 9.1035503883199907e-05 -8.1558885851016694e-05 1.2392748818421025e-05 -3.6997862874527511e-05 -7.9470851955271064e-06 0.00013996482032167137 1.6836099122912236e-05 0.00011026146603658284 4.2633328435456528e-05 3.7299978758257054e-06 -3.6424102487602845e-05 -2.2285104919059468e-05 -7.9262154360956323e-05 3.1815259634046805e-05 4.5486250376002152e-06 -9.9179019684098285e-05 -6.4919369864539379e-05 -8.8343432244974396e-05 -9.0018153401796275e-05
leaf_weight=126 134 117 97 107 102 101 174 157 110 132 137 100 102 120 142 122 121 109 97
leaf_count=126 134 117 97 107 102 101 174 157 110 132 137 100 102 120 142 122 121 109 97
internal_value=6.65636e-05 -0.000560307 -9.41744e-05 -0.00242113 0 0.00485555 0.00119981 0.00404396 0.00813382 -0.00104787 0.00238216 -0.00308847 -0.00617603 0.000922837 -0.00336258 -0.00625864 -0.00289544 -0.00847274 -0.0107026
internal_weight=2407 2273 2156 809 593 227 1347 622 404 725 247 551 331 220 366 224 218 216 199
internal_count=2407 2273 2156 809 593 227 1347 622 404 725 247 551 331 220 366 224 218 216 199
is_linear=0
shrinkage=0.0428219


Tree=26
num_leaves=18
num_cat=0
split_feature=1 15 1 20 16 4 5 22 22 0 21 20 10 4 1 0 0
split_gain=5.45094 4.94945 5.45941 7.40487 6.66101 11.4381 5.73177 5.08632 6.52653 5.28802 4.43201 2.73887 2.35967 2.05912 4.68959 3.23768 2.6023
threshold=-1.3227603943420487 0.74130947139416248 -0.39642397893576625 -0.0088894982803734163 -0.95647725920499382 -1.066005664858668 0.035164454762795359 -0.17423685810501802 0.11494311969166442 -0.063195447209717134 0.21950758322915381 0.32979388211966287 -0.4043160562566443 0.44589572147676587 0.45906558079725684 0.54395651065998474 -0.019026586256689033
decision_type=2 2 2 2 2 2 2 2 2 2 2 2 2 2 2 2 2
left_child=-1 2 3 12 -4 -6 7 9 -9 -7 -3 -10 -2 14 16 -15 -8
right_child=1 10 4 -5 5 6 13 8 11 -11 -12 -13 -14 15 -16 -17 -18
leaf_value=-0.00010622716755985799 0.00011814607881600224 -3.6634716454964986e-06 -0.00010101380197500653 -2.9790990285606424e-05 0.0001117399517324245 -0.00016781114595734617 0.00010018410806972323 2.4869571981786494e-05 -2.9116366603987833e-06 -9.3040848115613851e-06 6.1919128380689395e-05 -0.00011516697494690838 3.8249662786925338e-05 -4.3518735223571049e-05 -1.8179898875550595e-05 7.357944201984653e-06 8.123354696494425e-06
leaf_weight=155 113 177 163 179 110 111 97 97 114 105 190 100 181 184 100 107 103
leaf_count=155 113 177 163 179 110 111 97 97 114 105 190 100 181 184 100 107 103
internal_value=-0.000444036 3.34269e-05 -0.000798113 0.00305458 -0.00220853 -0.00100224 -0.0024031 -0.00566671 -0.0016166 -0.0108515 0.00463684 -0.0061509 0.00739016 0.000271091 0.00296045 -0.00202199 0.0070096
internal_weight=2386 2231 1864 473 1391 1228 1118 527 311 216 367 214 294 591 300 291 200
internal_count=2386 2231 1864 473 1391 1228 1118 527 311 216 367 214 294 591 300 291 200
is_linear=0
shrinkage=0.0428219


Tree=27
num_leaves=18
num_cat=0
split_feature=15 1 11 9 22 4 4 1 1 4 11 5 9 9 1 22 14
split_gain=8.95442 6.62933 6.14097 6.92237 7.19398 3.80645 3.79647 4.9605 5.99908 4.16483 4.9476 3.91435 3.63472 5.58764 3.73456 3.21015 0.0891799
threshold=-0.28128512600036254 1.4742514236727697 0.48371746489850792 0.10269673573338041 -0.58064843969981872 -0.1221328894132999 -0.74455694890346258 0.60363725430163506 0.35527524340211875 0.7985011601069556 -0.41112438882488972 0.52838273342600284 -0.21163562219228652 0.035178125027931648 -0.4035270344743126 0.2729465667656869 -0.69551561598460332
decision_type=2 2 2 2 2 2 2 2 2 2 2 2 2 2 2 2 2
left_child=2 6 3 4 -1 -5 -2 8 9 10 -8 -9 14 -14 -12 -15 -6
right_child=1 -3 -4 5 16 -7 7 11 -10 -11 12 -13 13 15 -16 -17 -18
leaf_value=2.8300542000449005e-05 3.8563470019740878e-05 8.023391497880552e-05 -4.3925166218521339e-05 -6.1601190187725264e-05 0.00015859468764873168 8.4390074256124927e-05 3.2499451413463164e-06 -0.00010682421219062842 1.1804448894235393e-05 2.0555051859919129e-05 -4.1796610392031974e-05 -7.4492517073109316e-06 7.4880726712587321e-06 -1.5120360881572317e-05 -0.00010118877377085951 -5.6382023164166735e-05 0.00012023928987348111
leaf_weight=153 109 108 122 178 98 111 137 131 187 167 102 97 97 132 167 149 129
leaf_count=153 109 108 122 178 98 111 137 131 187 167 102 97 97 132 167 149 129
internal_value=-0.000518432 -0.00242758 0.00312584 0.00484799 0.00864751 0 -0.00324401 -0.00391039 -0.00258664 -0.00404082 -0.00539311 -0.00990484 -0.00699833 -0.00370895 -0.0111013 -0.00697013 0.0135324
internal_weight=2374 1583 791 669 380 289 1475 1366 1138 951 784 228 647 378 269 281 227
internal_count=2374 1583 791 669 380 289 1475 1366 1138 951 784 228 647 378 269 281 227
is_linear=0
shrinkage=0.0428219


Tree=28
num_leaves=17
num_cat=0
split_feature=0 20 5 9 5 22 22 0 14 14 2 7 13 13 9 17
split_gain=6.90733 8.75693 8.90037 6.29888 7.48285 7.0779 8.60789 5.04982 5.73972 4.72947 4.43011 4.37201 4.3103 3.60198 3.37008 3.4976
threshold=0.83139386732353693 0.95449867149726619 0.13297705524842915 0.0083838821497659779 0.52838273342600284 -0.59649744757500189 -0.029040672006064368 -0.13734816954047394 0.29019393226076678 -0.21440853248274314 0.027544718235407151 -0.9162798905423567 0.26855567912576767 0.67912576761278476 -0.33332238157416844 -0.10607249177967686
decision_type=2 2 2 2 2 2 2 2 2 2 2 2 2 2 2 2
left_child=1 2 7 5 -5 -4 -7 8 14 11 -2 -9 -11 -12 -1 -16
right_child=10 -3 3 4 -6 6 -8 9 -10 12 13 -13 -14 -15 15 -17
leaf_value=7.6587647545378311e-05 4.9851365737820752e-06 -8.7695933957747613e-05 -0.00011166354402339104 -7.6815032046754304e-05 -5.2707041253608748e-06 9.4218218097540121e-05 -4.860227488910509e-06 -5.2241038529499866e-05 9.7461351432995776e-05 -5.6129533983904868e-05 1.7979136862331152e-05 6.2396285405825455e-05 4.1714654177590635e-06 9.3608504706282398e-05 5.7819581551756001e-05 -9.554701398194945e-06
leaf_weight=140 168 175 109 183 172 101 159 101 141 152 103 169 102 109 146 157
leaf_count=140 168 175 109 183 172 101 159 101 141 152 103 169 102 109 146 157
internal_value=0.000390032 -0.000549223 0.000251074 -0.00335596 -0.00744717 0.000202093 0.004404 0.00273397 0.00548025 -6.05975e-05 0.00571773 0.00360654 -0.00450802 0.00984442 0.00268148 0
internal_weight=2387 2007 1832 724 355 369 260 1108 584 524 380 270 254 212 443 303
internal_count=2387 2007 1832 724 355 369 260 1108 584 524 380 270 254 212 443 303
is_linear=0
shrinkage=0.0428219


Tree=29
num_leaves=18
num_cat=0
split_feature=22 15 15 1 7 21 14 0 10 7 0 10 21 2 0 15 15
split_gain=7.17304 7.3874 8.59161 7.18881 6.39218 5.93494 5.38519 6.58479 4.57954 4.92786 4.89628 5.34613 3.71077 3.53257 3.52328 1.62433 0.642727
threshold=-1.5684904195135714 0.6787443992644584 0.43177850871513307 0.77729471557161234 0.74300781287771123 -1.1640196669246781 0.25333108417660738 -0.1550157139216852 0.21306523524550447 0.068817141917829436 0.5527902828505904 -0.074342828780663991 -0.10409340655603451 -0.66651852073614659 0.089611823664316664 0.53969594157105505 -0.23988241692781845
decision_type=2 2 2 2 2 2 2 2 2 2 2 2 2 2 2 2 2
left_child=-1 2 3 5 14 -2 8 -8 10 12 11 13 -10 -7 -3 -4 -5
right_child=1 4 15 16 -6 6 7 -9 9 -11 -12 -13 -14 -15 -16 -17 -18
leaf_value=0.00012120448403429546 -0.00021228306023366009 8.887736492367079e-06 -8.9565950057319478e-05 0.00011648901676018896 7.5770958214113417e-05 4.9837372890862432e-05 -9.0532882066042193e-07 -8.4710128971915023e-05 3.8675770675828816e-05 9.324054429388875e-05 -8.9559166983261922e-05 -0.00010770991921065674 -5.0003979489951402e-05 -4.1208026100107518e-06 -5.8438343095705599e-05 -3.0650785513479837e-05 1.5127048536176103e-05
leaf_weight=116 112 172 98 97 136 116 102 121 97 98 102 154 107 431 124 126 107
leaf_count=116 112 172 98 97 136 116 102 121 97 98 102 154 107 431 124 126 107
internal_value=-0.00107659 -0.00165219 -0.00285954 -0.00168633 0.00324535 -0.00281733 -0.00189412 -0.00801479 -0.000532514 0.00379156 -0.00233257 -0.000839405 0 0.000919154 0 -0.0108463 0.00561282
internal_weight=2416 2300 1868 1644 432 1440 1328 223 1105 302 803 701 204 547 296 224 204
internal_count=2416 2300 1868 1644 432 1440 1328 223 1105 302 803 701 204 547 296 224 204
is_linear=0
shrinkage=0.0428219


Tree=30
num_leaves=18
num_cat=0
split_feature=20 12 10 7 5 7 13 0 15 22 11 18 16 14 10 15 16
split_gain=7.18066 6.05462 8.51245 7.01722 6.30479 6.27412 7.43651 5.29058 5.0707 4.90304 4.48095 3.72012 5.62854 3.96986 2.78727 3.5385 2.55924
threshold=1.0129281817486666 -0.79151709283702421 -0.4655038928121778 1.0793084442897343 0.71844009223878202 -0.30090215530995262 0.40505778250568159 -0.013250658285908433 0.075209137292481451 0.3202801659330326 -0.30088721415972314 0.35644296664671465 0.11029751756452413 -0.3580338025253173 0.15019130674527376 -0.60537282121675162 0.074820582092048407
decision_type=2 2 2 2 2 2 2 2 2 2 2 2 2 2 2 2 2
left_child=1 2 -1 4 5 6 8 11 14 16 -4 12 13 -7 15 -3 -9
right_child=-2 3 10 -5 -6 7 -8 9 -10 -11 -12 -13 -14 -15 -16 -17 -18
leaf_value=-0.00010674071737317062 -7.4313727036801346e-05 8.50865856083291e-05 0.00011499535525630062 -4.9824823149198132e-05 7.4018381556478018e-05 -1.0511156139797514e-05 0.00010286467148216085 -2.5739850826608476e-05 8.4656853025305608e-05 2.319083018799245e-06 -5.4326493520808816e-05 5.6160006667809667e-05 -2.4927046141509589e-05 9.3713356861451023e-05 -4.0373413292510574e-05 -3.6485984901711024e-05 -5.503581595163615e-05
leaf_weight=117 182 119 98 160 155 111 182 116 101 184 134 145 116 113 112 97 136
leaf_count=117 182 119 98 160 155 111 182 116 101 184 134 145 116 113 112 97 136
internal_value=0 0.000677452 -0.0043852 0.00170965 0.00258252 0.0016419 0.00502784 -0.000452923 0.00157122 -0.00400127 0 0.00244927 0 0.00396481 -0.000618994 0.00173285 -0.0079421
internal_weight=2378 2196 349 1847 1687 1532 611 921 429 436 232 485 340 224 328 216 252
internal_count=2378 2196 349 1847 1687 1532 611 921 429 436 232 485 340 224 328 216 252
is_linear=0
shrinkage=0.0428219


Tree=31
num_leaves=19
num_cat=0
split_feature=1 8 5 15 8 15 17 1 12 13 13 12 12 20 13 5 17 1
split_gain=5.8059 5.29655 6.1753 4.99308 5.09073 4.88102 3.67594 3.85328 3.0602 2.8006 3.85871 6.36815 3.75481 3.63292 3.62473 2.80453 2.4742 0.695394
threshold=1.4742514236727697 0.80577300801579821 0.14198358493305782 0.70314029680660972 0.035164454762795359 0.51276061226075476 -0.6445445268600869 -0.25662849794868653 0.88694979842050048 -0.061747497703205832 0.084231903679706024 0.34069696802341637 -0.31567901916385921 -0.2275602572452399 -0.33876505004593582 -0.18184418097745367 -1.2752634854170013 -0.13201885983711956
decision_type=2 2 2 2 2 2 2 2 2 2 2 2 2 2 2 2 2 2
left_child=1 3 17 5 -5 6 7 -1 9 12 -11 15 13 -8 -14 -12 -9 -3
right_child=-2 2 -4 4 -6 -7 8 16 -10 10 11 -13 14 -15 -16 -17 -18 -19
leaf_value=2.8563788040655189e-05 8.9381933514510095e-05 -0.00017302744157257898 7.5778396870893393e-06 -5.3655086659558319e-06 5.211723056282981e-05 -7.3241808736937688e-05 -3.8947962312690029e-05 -2.3724071659587998e-05 7.9894693379300609e-05 -7.9466486054637973e-05 5.5586774007619017e-05 -4.3792687488546543e-05 8.4024987983541096e-05 2.8791234737494809e-05 -1.4057457584751528e-06 -1.2244149930556712e-06 -7.7214379635097389e-05 -3.5372337229335514e-05
leaf_weight=152 141 97 126 124 150 113 114 102 102 100 114 132 163 139 101 159 163 103
leaf_count=152 141 97 126 124 150 113 114 102 102 100 114 132 163 139 101 159 163 103
internal_value=-0.000496006 -0.00107798 -0.0061394 -0.000149732 0.00511663 -0.00110656 -0.00038185 -0.00387552 0.000790193 0 -0.00218269 0 0.00229768 -0.00097172 0.0059592 0.00341007 -0.00706778 -0.0108632
internal_weight=2395 2254 326 1928 274 1654 1541 417 1124 1022 505 405 517 253 264 273 265 200
internal_count=2395 2254 326 1928 274 1654 1541 417 1124 1022 505 405 517 253 264 273 265 200
is_linear=0
shrinkage=0.0428219


Tree=32
num_leaves=16
num_cat=0
split_feature=12 12 7 8 8 9 16 11 11 16 19 11 11 19 2
split_gain=3.68953 4.20026 9.06736 4.74699 3.99149 5.27569 2.73872 2.56907 6.73451 2.82064 4.42857 3.85496 4.63605 4.40672 5.21405
threshold=1.5116805655271446 0.32462583531231021 0.87766996393312657 1.197960520403486 -0.53955229755501521 0.29497575148829297 0.17331620681647639 -0.67189042329944781 -1.2927330538910613 0.50406123888656351 0.69024220493466271 -0.31788810111137467 -0.14790212555493051 0.24096716051985897 0.13104812924723305
decision_type=2 2 2 2 2 2 2 2 2 2 2 2 2 2 2
left_child=1 3 4 7 -3 6 -6 8 -1 10 11 -9 -13 14 -14
right_child=-2 2 -4 -5 5 -7 -8 9 -10 -11 -12 12 13 -15 -16
leaf_value=4.7785555584644863e-05 6.011069475026376e-05 -0.00015691017361657176 4.5386132017388072e-05 0.00014797061263774867 4.984235886750322e-05 -7.4126189307836728e-05 -2.1474710943853174e-05 5.8543611541601835e-05 -8.5974717394091317e-05 -3.8141205988334367e-05 4.2266654739942139e-05 -4.4836401459609855e-05 -6.5623582409669156e-07 -3.1000759695770912e-05 6.7938856900212949e-05
leaf_weight=124 157 100 108 98 113 157 152 187 187 123 116 116 366 144 182
leaf_count=124 157 100 108 98 113 157 152 187 187 123 116 116 366 144 182
internal_value=8.35556e-05 -0.000296558 -0.00331292 0.000775151 -0.00580302 -0.00352519 0 0.000103701 -0.00326879 0.00106677 0.0018401 0.000763529 -0.000357276 0.000788442 0.00271468
internal_weight=2430 2273 630 1643 522 422 265 1545 311 1234 1111 995 808 692 548
internal_count=2430 2273 630 1643 522 422 265 1545 311 1234 1111 995 808 692 548
is_linear=0
shrinkage=0.0428219


Tree=33
num_leaves=17
num_cat=0
split_feature=12 11 1 7 7 4 12 12 13 8 12 12 17 22 14 22
split_gain=3.46683 4.79414 4.4787 3.84777 4.84125 6.56645 3.65174 5.60386 6.93957 7.25494 5.93792 5.65134 5.36959 5.01526 2.87994 1.99951
threshold=-0.79151709283702421 -0.39573564951351942 -0.4279590961974159 -1.1320840464518123 0.80236706988077644 0.95216578705863353 -0.49682443253990166 -0.31567901916385921 -0.53237270925003621 0.18144923973677465 0.24774948914784342 -0.091677251891533654 0.18096181076512949 0.29758184708406599 0.16409579107378708 -0.41632715040087326
decision_type=2 2 2 2 2 2 2 2 2 2 2 2 2 2 2 2
left_child=1 -1 -3 15 6 -6 -5 -8 -9 10 11 -10 -11 -14 -12 -2
right_child=3 2 -4 4 5 -7 7 8 9 12 14 -13 13 -15 -16 -17
leaf_value=2.0424021323581857e-05 0.00012176259859379453 -1.223159198504233e-06 -9.4790120698352523e-05 7.1213952841205376e-05 0.00010858800901255903 3.7506539901071909e-06 -6.9645354458203404e-05 7.243912835102641e-05 -8.3766845125721186e-06 -5.3777530521898578e-05 4.3315633988750436e-05 -5.8396038984763654e-05 -4.522760356944247e-07 4.4267397124943934e-05 -5.1736393033424072e-05 2.4507534819672335e-05
leaf_weight=129 118 122 120 164 129 178 176 159 110 145 168 186 105 161 119 104
leaf_count=129 118 122 120 164 129 178 176 159 110 145 168 186 105 161 119 104
internal_value=0.000925889 -0.00274018 -0.0065009 0.00166757 0.000921649 0.00582196 0 -0.00082941 0.000138957 -0.00106585 -0.00424103 -0.0084975 0.00309861 0.00688023 0 0.00708652
internal_weight=2393 371 242 2022 1800 307 1493 1329 1153 994 583 296 411 266 287 222
internal_count=2393 371 242 2022 1800 307 1493 1329 1153 994 583 296 411 266 287 222
is_linear=0
shrinkage=0.0428219


Tree=34
num_leaves=19
num_cat=0
split_feature=8 9 0 9 20 1 17 20 17 0 19 20 14 20 6 16 9 9
split_gain=6.94485 4.46509 6.3121 6.08751 4.42259 8.36624 8.3573 3.76119 5.34796 4.21332 3.73488 3.26662 9.93244 3.93734 2.65911 2.50532 2.39175 1.08589
threshold=1.2464813386229676 1.0933328610180253 -0.080608171239276286 -0.43653112551640788 -0.3441626301805234 -0.34719245606515209 -0.19573136485050477 0.4539937261974763 0.16056328000780504 -0.050369489509895511 0.83337623173267961 -0.2601386775794618 -0.17817442593788876 -1.0652280340005291 -0.42620815055560274 0.057876936595069976 0.34625813596902139 0.064609682847462602
decision_type=2 2 2 2 2 2 2 2 2 2 2 2 2 2 2 2 2 2
left_child=1 3 -3 11 5 -5 -6 8 9 -8 17 12 13 -1 -7 -13 -10 -9
right_child=-2 2 -4 4 6 14 7 10 16 -11 -12 15 -14 -15 -16 -17 -18 -19
leaf_value=8.7761222963197834e-05 0.00011701167039864413 8.3539277745974197e-05 -1.3195341795930371e-05 7.7319524161053831e-05 -0.00012192806246452871 -8.388655949457429e-05 -8.0840077251329145e-05 -8.308789155549142e-05 6.5057908883572213e-06 3.6720149222825348e-07 4.6100377371952512e-06 8.9777940932764529e-05 -0.00010795727776787414 -2.0158951223169472e-05 -2.1944452946046268e-06 6.7953518264652105e-06 4.3263860076703592e-05 -6.0335429586679649e-05
leaf_weight=102 175 101 99 130 157 101 101 106 157 109 106 108 111 106 178 163 109 174
leaf_count=102 175 101 99 130 157 101 101 106 157 109 106 108 111 106 178 163 109 174
internal_value=-0.000353265 -0.00105686 0.00486871 -0.00171332 -0.00326082 0.000182329 -0.00477972 -0.00291806 -6.6708e-05 -0.00545247 -0.00607259 0.00179567 -0.000770686 0.00426976 -0.00364368 0.00533127 0.00366077 -0.00867719
internal_weight=2393 2218 200 2018 1428 409 1019 862 476 210 386 590 319 208 279 271 266 280
internal_count=2393 2218 200 2018 1428 409 1019 862 476 210 386 590 319 208 279 271 266 280
is_linear=0
shrinkage=0.0428219


Tree=35
num_leaves=20
num_cat=0
split_feature=2 7 5 16 15 8 17 14 15 9 3 2 14 2 11 16 12 15 15
split_gain=7.70657 11.4013 11.3258 6.36239 6.39524 5.87185 5.07201 4.68769 4.44739 4.71096 6.08411 5.02689 4.44141 3.69042 3.20993 2.74511 3.20674 2.67041 2.63076
threshold=0.48661600191959131 0.59785435945039123 0.24821118413561069 0.17331620681647639 0.10565253425189715 0.10911085806633503 0.22484001023090736 0.48870182124187961 -0.12478827277200794 0.20062357658913885 -1.0000000180025095e-35 -0.85306452585525461 -0.63427465654034954 -0.25551001952060126 0.22254112499793288 -0.2305121597201413 0.40779808913679799 -0.05347180855196703 0.35892880267281352
decision_type=2 2 2 2 2 2 2 2 2 2 2 2 2 2 2 2 2 2 2
left_child=2 18 3 4 8 -6 -5 17 9 10 11 -1 -11 -8 -15 -3 -17 -4 -2
right_child=1 15 7 6 5 -7 13 -9 -10 12 -12 -13 -14 14 -16 16 -18 -19 -20
leaf_value=1.1398952585754666e-06 -7.6960801226151949e-05 -3.0142049834543549e-05 6.6909542095241301e-05 -9.4814270587973933e-05 4.1049818257192803e-05 0.00010032848996011548 3.9668909290041463e-05 5.7255445107111438e-06 -6.3542277279670696e-05 -6.0178495090422257e-05 -1.2187868647811867e-05 8.1487200977989934e-05 5.7972121132309417e-05 1.3820479718466619e-06 -7.5057678419770594e-05 6.0610379564453907e-05 -3.8709998815240811e-06 8.2570968822273468e-05 -0.00016271109749468218
leaf_weight=97 109 104 138 106 99 99 148 111 132 137 152 172 123 106 103 166 116 106 101
leaf_count=97 109 104 138 106 99 99 148 111 132 137 152 172 123 106 103 166 116 106 101
internal_value=0.00105494 -0.00307083 0.00247567 0.000718769 0.00269978 0.00967542 -0.00330552 0.00937707 0.00082911 0.00237315 0.00526264 0.00919118 -0.001769 -0.000448771 -0.00445421 0.000969717 0.00345308 0.0127651 -0.0111615
internal_weight=2425 596 1829 1474 1011 198 463 355 813 681 421 269 260 357 209 386 282 244 210
internal_count=2425 596 1829 1474 1011 198 463 355 813 681 421 269 260 357 209 386 282 244 210
is_linear=0
shrinkage=0.0428219


Tree=36
num_leaves=15
num_cat=0
split_feature=17 12 9 19 10 9 12 12 21 19 2 11 21 17
split_gain=5.03075 6.3474 5.27858 4.4269 4.10562 4.58046 4.49211 5.32503 4.36194 7.52909 4.2211 4.75617 3.40714 1.00562
threshold=1.0116923713819375 1.3485392389683548 -1.1743468378376563 -1.0118963050540584 -0.4043160562566443 0.9306569740019377 -0.79151709283702421 -0.166123598608273 -0.6237537562456722 -0.42190183305205947 -0.67726914149715323 -0.5191785959162466 -0.23044745745188802 -0.84074788460169314
decision_type=2 2 2 2 2 2 2 2 2 2 2 2 2 2
left_child=1 2 13 -4 6 8 -5 -8 -6 -10 -11 -12 -9 -1
right_child=-2 -3 3 4 5 -7 7 12 9 10 11 -13 -14 -15
leaf_value=5.0517473960132451e-05 -4.3955679495774123e-05 8.6178624952809094e-05 -9.1774815711373779e-05 -7.0443290121222608e-05 4.9295873821609372e-05 3.4646886748393891e-05 9.749044660927043e-05 -3.7691792889611053e-05 -0.00010702018289070982 4.7325528263852921e-05 2.3519165022659586e-05 -2.0298681608994145e-05 5.8088102794071984e-05 0.00011705268400104115
leaf_weight=98 182 126 118 98 139 150 148 122 113 119 150 644 140 98
leaf_count=98 182 126 118 98 139 150 148 122 113 119 150 644 140 98
internal_value=0.000450835 0.00105477 0.00043566 -0.00017079 0.000275803 -0.000903367 0.00360276 0.00571714 -0.00190183 -0.00295247 -0.00148872 -0.00273652 0.00142863 0.00715264
internal_weight=2445 2263 2137 1941 1823 1315 508 410 1165 1026 913 794 262 196
internal_count=2445 2263 2137 1941 1823 1315 508 410 1165 1026 913 794 262 196
is_linear=0
shrinkage=0.0428219


Tree=37
num_leaves=19
num_cat=0
split_feature=1 6 0 4 2 7 10 18 18 4 22 9 12 8 8 11 0 7
split_gain=5.26239 6.97127 4.82498 5.46819 6.74072 6.26649 5.77276 4.87732 4.79974 4.31196 3.4694 3.03042 3.29086 2.34149 3.49069 1.97399 1.92965 1.2272
threshold=1.187128773498255 0.25499305374872355 -0.20411110167332028 1.0000000180025095e-35 -0.43714675197361647 0.40304006033707546 0.32265729262845083 -0.84074788460169325 0.055365557175742208 -1.1146417388494054 0.017895371797960542 0.95081287997374686 -0.85668525984425903 -0.37701738442331073 0.13297705524842915 -0.59291090655623035 -0.65684192644185835 0.71102505342345224
decision_type=2 2 2 2 2 2 2 2 2 2 2 2 2 2 2 2 2 2
left_child=2 -2 7 4 6 10 9 -1 -6 -4 -5 12 -9 -14 -15 -7 -16 -17
right_child=1 -3 3 5 8 15 -8 11 -10 -11 -12 -13 13 14 16 17 -18 -19
leaf_value=8.849650587063576e-05 -3.2186180328917807e-05 9.7102362669948875e-05 -2.6098576933750229e-06 -4.1478608977099703e-05 6.4167341082089653e-05 -4.612378661751252e-05 1.8840913191551822e-05 -7.6127849667630794e-05 -1.0842517663786884e-05 -8.5818735091338044e-05 -0.00011537959362960371 7.399309850999112e-05 -2.2082351430392663e-05 4.1518054335529536e-05 -3.3396607968793233e-05 -3.8668554444241322e-05 5.9271063623952488e-06 1.1649562046136294e-05
leaf_weight=174 119 112 112 115 131 102 105 104 128 159 147 98 135 134 99 115 140 190
leaf_count=174 119 112 112 115 131 102 105 104 128 159 147 98 135 134 99 115 140 190
internal_value=-0.00052649 0.00551292 -0.00122792 -0.00291413 0 -0.00561607 -0.00372868 0.0011016 0.00524762 -0.00722731 -0.0109076 -0.000285967 -0.00159118 0 0.0015775 -0.00186656 -0.00102864 0
internal_weight=2419 231 2188 1304 635 669 376 884 259 271 262 710 612 508 373 407 239 305
internal_count=2419 231 2188 1304 635 669 376 884 259 271 262 710 612 508 373 407 239 305
is_linear=0
shrinkage=0.0428219


Tree=38
num_leaves=19
num_cat=0
split_feature=4 0 13 10 4 9 9 13 0 13 9 9 17 20 9 2 21 14
split_gain=5.90966 6.45432 7.02489 7.94034 7.0711 6.61069 6.08432 8.80309 5.85904 6.69528 5.74298 5.47569 5.93779 4.40257 4.04702 4.10347 3.25324 2.83161
threshold=0.36260278608603397 0.51431240975112558 -0.04182583047241429 0.28594279892759045 0.81024247912264824 0.064609682847462602 0.13334829749520657 0.36202311300227269 -0.013250658285908433 -0.39108360330738351 -0.040660748204079042 -0.78885240614408403 -0.049533544455665608 -0.51172976065856457 0.9306569740019377 -0.19587122194215636 0.25502023055991246 -0.15783712910479089
decision_type=2 2 2 2 2 2 2 2 2 2 2 2 2 2 2 2 2 2
left_child=6 2 4 -4 -2 -3 7 10 9 -8 11 17 13 -13 15 -10 -11 -1
right_child=1 5 3 -5 -6 -7 8 -9 14 16 -12 12 -14 -15 -16 -17 -18 -19
leaf_value=8.2843503778533503e-05 -6.4428002455809916e-05 -1.2078416176366051e-05 -0.00012426519478749348 -1.650095375338462e-05 6.295388860585248e-05 4.1046147060269391e-05 0.00010690160035972944 7.0367673922243178e-05 -3.8212822956841019e-05 -4.574433550832824e-05 6.7142007376690379e-05 -2.9575521807447783e-05 1.4580762997463611e-05 -0.00011086841474166462 7.3924524578747366e-06 -0.00012841191252287293 1.7610265761152999e-05 1.8249635199180048e-06
leaf_weight=104 159 128 143 97 133 109 127 262 161 138 103 110 157 98 102 98 113 113
leaf_count=104 159 128 143 97 133 109 127 262 161 138 103 110 157 98 102 98 113 113
internal_value=0.000379229 -0.00265843 -0.00537198 -0.0108369 -0.000402022 0.002844 0.00184751 0.00414833 -0.000912131 0.00257615 0.00135911 -5.45588e-05 -0.0034891 -0.00838687 -0.00495113 -0.00789279 -0.000979462 0.00507928
internal_weight=2455 769 532 240 292 237 1686 947 739 378 685 582 365 208 361 259 251 217
internal_count=2455 769 532 240 292 237 1686 947 739 378 685 582 365 208 361 259 251 217
is_linear=0
shrinkage=0.0428219


Tree=39
num_leaves=19
num_cat=0
split_feature=5 10 19 7 12 1 17 8 17 19 1 11 12 13 1 7 10 17
split_gain=4.66237 7.48818 5.68143 3.96361 3.87885 5.28727 10.553 4.68934 6.88174 4.6328 3.16873 6.86243 3.30947 4.78905 2.5696 2.32269 1.76726 0.595703
threshold=-0.36983583638992407 -0.36991291929724307 0.20364175579622992 -0.25342780340169596 0.28740266195394054 -0.19913048802890207 -0.41511577009990946 -0.42620815055560274 -0.32786102841713616 0.50736965091151187 0.42869389504623118 0.33891312099034104 0.77340255149942017 0.96731299260190517 0.31216704427163072 -0.98866262485616752 -1.0422097915135524 0.11679450906147247
decision_type=2 2 2 2 2 2 2 2 2 2 2 2 2 2 2 2 2 2
left_child=1 16 15 -2 5 7 -7 -5 -9 14 11 -6 -12 -14 -8 -3 -1 -10
right_child=3 2 -4 4 10 6 9 8 17 -11 12 -13 13 -15 -16 -17 -18 -19
leaf_value=7.7374728203568566e-05 -6.3214664811326021e-05 -7.2663934780856134e-05 6.404262381474569e-05 1.9205479138676492e-05 -1.0732063864943044e-05 -7.5476043763947131e-05 0.00010186659487635022 3.3863028386926548e-05 -5.8558905101325076e-05 -2.6573990518837144e-06 1.4575773714343239e-05 -0.00010961051075792454 -0.00011151570242221573 3.5168490716639326e-05 1.4581448773842813e-05 -2.7932039928096054e-06 6.4470546360255159e-05 -0.00010847996543859752
leaf_weight=105 129 168 166 173 166 100 172 98 98 107 124 97 97 111 102 173 107 99
leaf_count=105 129 168 166 173 166 100 172 98 98 107 124 97 97 111 102 173 107 99
internal_value=-0.000550334 0.00224773 -0.000316004 -0.00183627 -0.00112993 0.00043956 0.00371597 -0.00262974 -0.00605877 0.00716377 -0.00386763 -0.00744714 -0.000611537 -0.00426976 0.0101174 -0.00373466 0.00903653 -0.0108113
internal_weight=2392 719 507 1673 1544 949 481 468 295 381 595 263 332 208 274 341 212 197
internal_count=2392 719 507 1673 1544 949 481 468 295 381 595 263 332 208 274 341 212 197
is_linear=0
shrinkage=0.0428219


end of trees

feature_importances:
delta_v_ma_5=53
delta_v=46
delta_v_ma_20=46
delta_v_ma_10=41
ret_lag_5=40
ret_lag_3=39
ret_lag_1=37
delta_c_ma_20=36
difference=35
delta_c=35
ret_lag_2=33
intraday_ma_5=31
delta_c_ma_10=31
intraday_ma_10=31
delta_c_ma_5=30
williams_r=30
rsi=27
intraday_ma_20=25
c_minus_o=19
daily_return=19
momentum=9
ret_lag_0=8
sign_delta_open=2

parameters:
[boosting: gbdt]
[objective: regression_l1]
[metric: l1]
[tree_learner: serial]
[device_type: cpu]
[data_sample_strategy: bagging]
[data: ]
[valid: ]
[num_iterations: 2000]
[learning_rate: 0.0428219]
[num_leaves: 78]
[num_threads: 10]
[seed: 42]
[deterministic: 0]
[force_col_wise: 1]
[force_row_wise: 0]
[histogram_pool_size: -1]
[max_depth: 10]
[min_data_in_leaf: 97]
[min_sum_hessian_in_leaf: 0.001]
[bagging_fraction: 0.548195]
[pos_bagging_fraction: 1]
[neg_bagging_fraction: 1]
[bagging_freq: 1]
[bagging_seed: 400]
[bagging_by_query: 0]
[feature_fraction: 0.636121]
[feature_fraction_bynode: 1]
[feature_fraction_seed: 30056]
[extra_trees: 0]
[extra_seed: 12879]
[early_stopping_round: 0]
[early_stopping_min_delta: 0]
[first_metric_only: 0]
[max_delta_step: 0]
[lambda_l1: 3.25846]
[lambda_l2: 0.0190056]
[linear_lambda: 0]
[min_gain_to_split: 0]
[drop_rate: 0.1]
[max_drop: 50]
[skip_drop: 0.5]
[xgboost_dart_mode: 0]
[uniform_drop: 0]
[drop_seed: 17869]
[top_rate: 0.2]
[other_rate: 0.1]
[min_data_per_group: 100]
[max_cat_threshold: 32]
[cat_l2: 10]
[cat_smooth: 10]
[max_cat_to_onehot: 4]
[top_k: 20]
[monotone_constraints: ]
[monotone_constraints_method: basic]
[monotone_penalty: 0]
[feature_contri: ]
[forcedsplits_filename: ]
[refit_decay_rate: 0.9]
[cegb_tradeoff: 1]
[cegb_penalty_split: 0]
[cegb_penalty_feature_lazy: ]
[cegb_penalty_feature_coupled: ]
[path_smooth: 0]
[interaction_constraints: ]
[verbosity: -1]
[saved_feature_importance_type: 0]
[use_quantized_grad: 0]
[num_grad_quant_bins: 4]
[quant_train_renew_leaf: 0]
[stochastic_rounding: 1]
[linear_tree: 0]
[max_bin: 255]
[max_bin_by_feature: ]
[min_data_in_bin: 3]
[bin_construct_sample_cnt: 200000]
[data_random_seed: 175]
[is_enable_sparse: 1]
[enable_bundle: 1]
[use_missing: 1]
[zero_as_missing: 0]
[feature_pre_filter: 1]
[pre_partition: 0]
[two_round: 0]
[header: 0]
[label_column: ]
[weight_column: ]
[group_column: ]
[ignore_column: ]
[categorical_feature: ]
[forcedbins_filename: ]
[precise_float_parser: 0]
[parser_config_file: ]
[objective_seed: 16083]
[num_class: 1]
[is_unbalance: 0]
[scale_pos_weight: 1]
[sigmoid: 1]
[boost_from_average: 1]
[reg_sqrt: 0]
[alpha: 0.9]
[fair_c: 1]
[poisson_max_delta_step: 0.7]
[tweedie_variance_power: 1.5]
[lambdarank_truncation_level: 30]
[lambdarank_norm: 1]
[label_gain: ]
[lambdarank_position_bias_regularization: 0]
[eval_at: ]
[multi_error_top_k: 1]
[auc_mu_weights: ]
[num_machines: 1]
[local_listen_port: 12400]
[time_out: 120]
[machine_list_filename: ]
[machines: ]
[gpu_platform_id: -1]
[gpu_device_id: -1]
[gpu_use_dp: 0]
[num_gpu: 1]

end of parameters

pandas_categorical:[]
