tree
version=v4
num_class=1
num_tree_per_iteration=1
label_index=0
max_feature_idx=36
objective=regression_l1
feature_names=amplitude difference h_minus_l c_minus_o delta_close delta_volume intraday intraday_ma5 delta_close_ma5 delta_volume_ma5 intraday_ma10 delta_close_ma10 delta_volume_ma10 intraday_ma20 delta_close_ma20 delta_volume_ma20 sign_delta_open daily_return momentum rsi williams_r ma5 ema5 ma10 ema10 ma20 ema20 ma60 ema60 macd bb_high bb_low ret_lag0 ret_lag1 ret_lag2 ret_lag3 ret_lag5
feature_infos=[-1.0887706053174659:13.451814452472473] [-6.7344806360191143:5.9877977616568394] [-0.88957825780953925:14.219132694494071] [-11.866097807689611:6.686476579635249] [-14.786857356366614:6.3907018896723882] [-10.57089552238806:10.403171641791046] [-6.6943466971437742:11.877199314265091] [-4.4566137653288971:5.7771843420825055] [-7.8000141103881315:6.2417847075461719] [-6.9517680707228289:10.41120644825793] [-3.6843436161903753:5.9358849368792477] [-7.8469063237995273:5.365063237995277] [-8.4540031022551005:9.1024937358310467] [-3.8000200202847032:4.4780881761331761] [-5.7392230919247087:3.4414348031991713] [-8.1511115884437757:8.5061754913543126] [-1:0] [-8.4682879739220169:5.8632405570024027] [-7.8469063237995273:5.365063237995277] [-2.538560824349811:1.6364441420305225] [-1.1982801949689419:0.57296900379341997] [-0.53576730231766267:1.9894113216773437] [-0.52252171826924687:1.9696633291838446] [-0.51408774331846563:1.9627125448793046] [-0.50298093357258011:1.9369421285673423] [-0.48321962679377606:1.8941276693648881] [-0.47950798026483682:1.907572074198022] [-0.42622684559377971:1.7982028690331002] [-0.43553819986848452:1.7811178582604323] [-4.4175621020981932:3.1915295730624078] [-0.49726670199112089:2.0263181376934369] [-0.53722355536620214:1.9295038661629789] [-8.4682879739220169:5.8632405570024027] [-8.4890632554165233:5.8777850243987464] [-8.4872179415071667:5.8765799393784235] [-8.4872179415071667:5.8765799393784235] [-8.4668831658894721:5.8641891020067165]
tree_sizes=2590 2930 2715 2500 2600 2135 2186 2507 2615 2595 2463 2150

Tree=0
num_leaves=27
num_cat=0
split_feature=4 20 8 5 6 13 31 13 20 10 6 12 28 12 6 19 12 13 1 5 32 3 33 21 19 1
split_gain=8.65992 7.18857 6.72309 6.54391 6.48072 7.83872 5.49074 4.57126 8.95866 9.37624 6.14479 5.66562 5.97431 4.88582 4.43802 3.84498 4.61645 3.57332 2.86492 3.04786 2.30308 2.2678 2.10476 1.90776 1.82697 0.670515
threshold=0.19659111687031461 0.5062147574231699 -1.4442463288939058 0.49822761194029858 0.045825939627256972 0.15039388965801201 0.91882607440969355 -0.14490342101336631 0.16841967027583307 -0.094870850343715882 0.025143613341754644 -0.47607684047249726 -0.047614171336038381 0.96826154396850028 -0.13613442008280949 0.44098413377107842 0.042715666388259167 -0.38962212656975076 -0.033313521150594765 1.3441231343283584 0.25201616320737819 0.9936003365081274 0.76050208835017108 0.006349579360401615 1.1151749283507237 -1.3290118436674321
decision_type=2 2 2 2 2 2 2 2 2 2 2 2 2 2 2 2 2 2 2 2 2 2 2 2 2 2
left_child=2 4 14 6 5 20 24 8 9 -4 -10 12 -9 -13 25 16 -6 -17 19 -16 -2 -7 23 -5 -3 -1
right_child=1 3 7 22 15 21 -8 11 10 -11 -12 13 -14 -15 18 17 -18 -19 -20 -21 -22 -23 -24 -25 -26 -27
leaf_value=0.000224557136174964 0.00088121687975038993 0.00068479299714326123 0.00092596898576969558 0.00099132273891300153 0.00089071376895818143 0.00089913937841547644 0.00094186394639416684 0.00093221227544832471 0.00062493525143372916 0.0007239308851053136 0.00083401327018759277 0.00069226682540479212 0.00061360483569603073 0.00092888949254537018 0.0012047481082803808 0.00080679477199161321 0.00075176727071549372 0.00061896335340207317 0.00067033937571623009 0.00098712094293006191 0.00099367052719261302 0.00066018050824355554 0.0006471961925211666 0.00082906380251391893 0.00077498609706453888 0.00085089306890998159
leaf_weight=12.000000000000002 18 63 113 19 119 70 11.999999999999998 41 136 83 50 328 79 34 38 30 74 25 9.9999999999999982 17 100 31 12.999999999999998 30 9.9999999999999982 9.9999999999999982
leaf_count=12 18 63 113 19 119 70 12 41 136 83 50 328 79 34 38 30 74 25 10 17 100 31 13 30 10 10
internal_value=0.00079221 0.00551793 -0.00248538 -0.00354462 0.00889992 0.0155775 -0.0137586 -0.0040899 0.00079221 0.008029 -0.00794071 -0.00749916 0.00079221 -0.0108004 0.010349 0.00191753 0.00626024 -0.00858804 0.0180644 0.0228409 0.0248544 0.00198829 0.00674237 0.013268 -0.0201966 -0.00206167
internal_weight=1565 614 951 147 467 219 85 864 382 196 186 482 120 362 87 248 193 55 65 55 118 101 62 49 73 22
internal_count=1565 614 951 147 467 219 85 864 382 196 186 482 120 362 87 248 193 55 65 55 118 101 62 49 73 22
is_linear=0
shrinkage=1


Tree=1
num_leaves=30
num_cat=0
split_feature=2 4 3 20 17 12 5 9 8 15 29 20 11 20 8 21 34 15 12 15 5 4 5 15 34 12 34 29 9
split_gain=5.31032 6.13001 8.22853 10.1888 6.28055 6.08249 5.33306 4.79727 4.59176 4.61329 3.33472 3.08194 5.67613 3.59657 4.03792 3.4481 3.21077 3.04916 2.19034 2.10633 2.0372 3.79077 2.63195 1.98153 1.92288 1.86954 3.32598 0.981011 0.393745
threshold=0.58097016945482116 0.44772992869010814 0.24552073631183088 -0.0090005013203421861 0.045293746872451288 0.085013721512945964 -0.15223880597014924 0.78185127405096211 0.77924618458311834 -0.022070669101063253 1.0572568244056324 -0.38315792984529823 0.38924586722644983 -0.78192556532691504 -1.0320369948721564 0.5728125236150482 0.37837114237291453 0.70636881108366467 -0.94911108459611004 0.5513908280528409 1.1680037313432838 -0.37174554213802474 1.8207089552238809 0.41714101600257764 0.27612495356095929 -1.1772461520104998 0.76038351542261695 -0.24608262335124084 -0.17336193447737908
decision_type=2 2 2 2 2 2 2 2 2 2 2 2 2 2 2 2 2 2 2 2 2 2 2 2 2 2 2 2 2
left_child=1 2 4 24 6 -6 -1 8 9 -3 27 13 25 14 18 28 -17 -5 -2 -10 21 -14 -22 -16 -4 -13 -27 -9 -15
right_child=11 7 3 17 5 -7 -8 10 19 -11 -12 12 20 15 23 16 -18 -19 -20 -21 22 -23 -24 -25 -26 26 -28 -29 -30
leaf_value=9.6532689632782348e-06 -0.00010437242783073867 0.0001769701512241701 -0.0001295142035318157 -0.0001683345151538768 0.00012989560992937444 -8.4068146891389469e-05 -8.8746960420593417e-05 0.00016802876362680903 -0.00011673493607337278 -1.6344136572410656e-05 -2.9909192422229749e-05 -5.8305720627346964e-05 0.00024478654562066511 -0.00033438056830859838 -0.00014251046860338007 -0.00040295852356880715 2.6295093797476227e-05 -3.0080361697213331e-05 0.0001626565744379109 1.3065764553796907e-06 0.00022874941491846031 -0.00010256200313855671 -1.5422703428156881e-05 0.00011152532145429764 0.00010040936998925379 0.00017256867386809935 -3.8829615652992532e-05 0.00019097747192090285 4.3542235838472921e-05
leaf_weight=249 10.999999999999998 92 42 72 100 57 315 11.999999999999998 40 96 11.999999999999998 11.999999999999998 29 11.000000000000002 25 38 9.9999999999999982 21 83 9.9999999999999982 15.999999999999998 75 17 9.9999999999999982 13.999999999999998 62 10.999999999999998 32 10.999999999999998
leaf_count=249 11 92 42 72 100 57 315 12 40 96 12 12 29 11 25 38 10 21 83 10 16 75 17 10 14 62 11 32 11
internal_value=-0.000343852 -0.0023184 -0.00466757 -0.016047 -0.00191796 0.00669665 -0.00477078 0.00378715 0 0.00423348 0.0172283 0.00451617 0.0087405 0 0.00492724 -0.00961711 -0.0178621 -0.0264815 0.0115781 -0.0132313 0.000137576 -0.00165397 0.0121689 -0.0060184 0 0.0193282 0.0223712 0.023838 0
internal_weight=1585 1164 870 149 721 157 564 294 238 188 56 421 222 199 129 70 48 93 94 50 137 104 33 35 56 85 73 44 22
internal_count=1585 1164 870 149 721 157 564 294 238 188 56 421 222 199 129 70 48 93 94 50 137 104 33 35 56 85 73 44 22
is_linear=0
shrinkage=0.0526821


Tree=2
num_leaves=27
num_cat=0
split_feature=5 20 8 18 4 27 0 21 15 14 26 6 33 5 20 21 8 7 7 34 20 6 15 14 25 5
split_gain=5.87465 5.1327 7.52762 6.98815 11.0297 5.34515 7.15547 5.99731 4.34766 7.00108 7.74259 8.05796 4.26531 4.26129 2.2138 2.12844 2.11251 4.15867 1.7923 1.24199 1.63886 1.19454 1.16897 0.986549 0.589477 0.553556
threshold=-0.44841417910447756 -1.0288856667249668 -1.06211857857081 0.57871949619522445 0.85565510497738295 1.0007219106569221 -0.19676415005322029 1.0300624344922729 -0.49624100526259257 0.77230757464782929 -0.37468809708190282 0.40154591115522276 0.21909431093288054 0.030783582089552241 0.3856847892583099 0.65821426122420823 -1.1968391127131388 0.50136920302089438 -0.40746040635474906 -0.94491518467621949 -1.1468377599162125 0.66456384653172529 0.7628611319944153 -1.2528495748066697 0.85640409976389675 -0.87080223880597007
decision_type=2 2 2 2 2 2 2 2 2 2 2 2 2 2 2 2 2 2 2 2 2 2 2 2 2 2
left_child=8 2 19 5 13 6 -3 -7 14 10 25 -12 -6 -5 16 -11 24 -18 -16 23 -21 -4 -17 -2 -1 -10
right_child=1 3 21 4 12 7 -8 -9 9 15 11 -13 -14 -15 18 22 17 -19 -20 20 -22 -23 -24 -25 -26 -27
leaf_value=0.00014847128352430018 8.6634481735806408e-05 6.8688172025838782e-06 -0.00014072785842543273 1.0197303597689303e-07 -1.0031208560980863e-05 -0.00031370901253095556 8.9280539698227839e-05 0.00013450247150747984 5.203451458687439e-05 0.0002505306572096817 -0.00016103965980129924 -5.4423257659666773e-05 0.00015290106497282892 -0.00012283097517545573 3.7832394779540839e-06 -9.7158819372049194e-05 1.3193009991451465e-05 0.00018109714177177243 -0.00021721300274018856 0.00027157710899103262 -9.2960820724561789e-05 -7.2321970889826218e-05 6.5663197988632336e-05 -0.00019592587742954393 -9.5332065197555486e-05 0.00012124754268461911
leaf_weight=10.000000000000002 13.000000000000002 327 30 54 39 22 416 39 10.000000000000002 23 116 85 36 109 13.000000000000002 15.000000000000002 68 33 10.999999999999998 16.000000000000004 14.999999999999998 11.999999999999998 11.999999999999998 14.999999999999998 13.999999999999998 10.999999999999998
leaf_count=10 13 327 30 54 39 22 416 39 10 23 116 85 36 109 13 15 68 33 11 16 15 12 12 15 14 11
internal_value=0.000113154 0.00222299 -0.00827298 0.00349626 -0.00379276 0.00596289 0.00736812 -0.00686317 -0.00501292 -0.00906677 -0.0134188 -0.0171204 0.0110229 -0.0121599 0.000818918 0.00531201 0.00508095 0.00928397 -0.0103861 0.000310046 0.009801 -0.0248924 0 -0.0023054 -0.00264419 0.00949735
internal_weight=1564 1143 101 1042 238 804 743 61 421 272 222 201 75 163 149 50 125 101 24 59 31 42 27 28 24 21
internal_count=1564 1143 101 1042 238 804 743 61 421 272 222 201 75 163 149 50 125 101 24 59 31 42 27 28 24 21
is_linear=0
shrinkage=0.0526821


Tree=3
num_leaves=26
num_cat=0
split_feature=10 34 15 20 3 20 13 19 5 15 12 12 33 9 11 7 10 4 3 4 14 0 35 0 5
split_gain=6.22381 7.77844 5.71198 10.3806 8.18891 8.21833 8.81425 7.25102 4.90806 4.70225 7.53109 6.39949 4.68328 4.47629 4.44528 5.71669 4.91357 3.19708 3.00673 3.13762 2.64513 3.3468 1.10958 1.03612 0.867159
threshold=0.51321547469353623 -1.7540764475487034 0.18929223499087103 0.51575923326344097 0.36068463379703358 0.25652177180716434 -0.3318097770760185 -0.25924360468579449 0.29179104477611945 -0.77386961658253661 0.34608041999761369 -0.019150459372389926 -0.30635430227064059 0.83047321892875725 -0.33716924691681965 0.37041368461798213 0.2343527560974259 0.80856036696372502 0.77347294414566004 -1.1234964901541467 -1.8008474451631498 0.63660726360577957 -0.2877161958219106 -0.63641941178212558 -0.21902985074626863
decision_type=2 2 2 2 2 2 2 2 2 2 2 2 2 2 2 2 2 2 2 2 2 2 2 2 2
left_child=2 20 3 14 5 7 -7 -4 22 18 11 -11 -10 23 16 -16 -1 -12 19 -3 -2 -22 -6 -5 -20
right_child=1 9 4 13 8 6 -8 -9 12 10 17 -13 -14 -15 15 -17 -18 -19 24 -21 21 -23 -24 -25 -26
leaf_value=-0.00023396985392506734 0.00010196078931466036 -9.106744874962058e-05 -0.00011392622244406982 -0.00023558572944833096 -0.0001132883807332127 -8.4670049922113102e-05 6.329244161612384e-05 7.8466230207396525e-05 -2.876534187544914e-06 0.00010037890605031669 0.00021026334239268547 -0.00015828500392911043 0.00018103684945527639 6.6260518255639825e-05 -2.1391861845825591e-05 9.0863341328393081e-05 3.3712741999090649e-06 -1.3369225285477207e-05 0.00017615989193271652 0.00026979774905850929 -1.8590704804117219e-05 -0.00039276741815261039 5.8239677712380236e-05 -0.00012751903173884209 -0.00032987381107513512
leaf_weight=63 18 9.9999999999999982 69 9.9999999999999982 13.999999999999998 96 40 143 17 129 61 61 61 9.9999999999999982 419 76 49 22 12.000000000000002 48 13.999999999999998 18 39 53 11.999999999999998
leaf_count=63 18 10 69 10 14 96 40 143 17 129 61 61 61 10 419 76 49 22 12 48 14 18 39 53 12
internal_value=0 0.00572561 -0.00182975 -0.0050403 0.00222499 -0.00140491 -0.0118693 0.00425095 0.013489 0.00887785 0.0042658 -0.000372494 0.0216426 -0.0237536 -0.00227627 0 -0.0115983 0.0173324 0.0206268 0.0269921 -0.0112514 -0.0199935 0 -0.0289318 0
internal_weight=1564 405 1159 680 479 348 136 212 131 355 273 190 78 73 607 495 112 83 82 58 50 32 53 63 24
internal_count=1564 405 1159 680 479 348 136 212 131 355 273 190 78 73 607 495 112 83 82 58 50 32 53 63 24
is_linear=0
shrinkage=0.0526821


Tree=4
num_leaves=26
num_cat=0
split_feature=10 17 3 20 36 31 5 15 15 9 30 14 17 20 2 8 33 5 11 17 15 29 14 5 8
split_gain=11.4125 7.02985 8.2175 8.0033 7.67707 7.39196 6.67875 6.60246 6.26155 9.47187 4.63196 3.65866 3.33801 3.3056 3.10447 2.83511 2.76568 1.95478 1.9243 1.90886 1.90682 1.72723 1.71324 0.571806 0.393745
threshold=0.48246522680817833 0.75011377172374938 0.9205900910374667 0.45437442396733557 1.1273830267212139 -0.45481203528395597 0.0068097014925373144 -0.13269251423048004 -0.55584792181290932 -0.93818252730109197 1.0000000180025095e-35 0.25669116933313335 -1.3699104540794382 -0.86041271818233578 0.58097016945482116 0.21632828459370104 0.21909431093288054 -2.3336753731343278 0.50044292836525861 -2.0788099253449066 -0.51417678015250767 -0.11557381423950723 1.0928409856366723 0.094309701492537326 -2.4076988201791374
decision_type=2 2 2 2 2 2 2 2 2 2 2 2 2 2 2 2 2 2 2 2 2 2 2 2 2
left_child=1 3 6 4 5 -1 -3 21 10 13 -2 -9 -12 -10 16 -6 -4 -14 -16 24 -21 -5 -8 -15 -11
right_child=8 2 14 7 15 -7 22 11 9 19 12 -13 17 23 18 -17 -18 -19 -20 20 -22 -23 -24 -25 -26
leaf_value=0.00028192989398428302 -2.2194270716583778e-05 -0.00011236220131169922 -7.5326462859205746e-05 -0.00010930384549437236 0.00020745335135964791 -2.6597134174662483e-05 0.00017044742878819102 -8.8094031868811234e-05 7.5208270967460589e-05 0.00064303959453217911 -0.00011385388254027538 1.1237438312833327e-06 4.5690097923773148e-06 -0.0003818066334379437 -0.00010966368149880541 4.7108990362420655e-06 0.00020101974050889577 0.00028024461435055222 0.00012066476513310821 -0.00017594410593793503 0.00011826687587955863 -0.00020011776993028902 4.335467972004798e-05 -9.8111656142643483e-05 -0.00019089226040865017
leaf_weight=20 25 12.999999999999998 22 11.999999999999998 38 755 38 33 11.999999999999998 11.000000000000002 10.999999999999998 88 10.999999999999998 24 13.999999999999998 25 11.999999999999998 85 37 9.9999999999999982 228 45 9.9999999999999982 9.9999999999999982 10.999999999999998
leaf_count=20 25 13 22 12 38 755 38 33 12 11 11 88 11 24 14 25 12 85 37 10 228 45 10 10 11
internal_value=0.00122786 -0.00132771 0.00895557 -0.00306856 -0.000586565 -0.00232644 0.0232701 -0.0131884 0.00852121 0.00329944 0.0184541 -0.00354814 0.0231178 -0.0164473 0 0.0162027 -0.0132574 0.0262118 0.00618568 0.00787896 0.00947114 -0.0283151 0.032262 -0.024581 0
internal_weight=1600 1162 146 1016 838 775 61 178 438 306 132 121 107 46 85 63 34 96 51 260 238 57 48 34 22
internal_count=1600 1162 146 1016 838 775 61 178 438 306 132 121 107 46 85 63 34 96 51 260 238 57 48 34 22
is_linear=0
shrinkage=0.0526821


Tree=5
num_leaves=21
num_cat=0
split_feature=2 31 29 29 11 34 12 7 14 14 12 15 29 28 2 34 2 14 4 15
split_gain=8.97376 7.73005 5.95201 6.00777 5.7487 5.6594 5.92157 5.40841 4.66325 4.5297 4.3741 3.96178 3.70093 2.92416 2.78799 1.79726 1.65275 1.20236 0.373327 0.0267676
threshold=0.54909317308212879 -0.45481203528395597 1.1302124911246072 0.32028045565773383 -0.03417685646811857 0.79761513061201073 -1.2007517002744301 -0.66082370430156223 -0.74919035306783377 0.59142465503598929 1.343395776160363 1.4793255289442597 1.2012636193977464 1.7395282793638145 -0.2135617995777164 -0.0051782120423749323 1.6885821016728928 1.6151831228692537 -0.65186542543465631 -0.55149822790248082
decision_type=2 2 2 2 2 2 2 2 2 2 2 2 2 2 2 2 2 2 2 2
left_child=1 7 3 4 -3 6 16 -1 18 -5 14 13 -10 -8 -4 -13 19 -14 -7 -2
right_child=5 2 10 9 -6 8 11 -9 12 -11 -12 15 17 -15 -16 -17 -18 -19 -20 -21
leaf_value=-7.7631622146615112e-05 -0.00015449039811064357 -7.4028735677050734e-07 7.2437705360255594e-05 -3.2640030975544437e-06 -4.3374496542422049e-05 -7.4528229311570805e-05 0.00010878364064483559 0.00019781714422169823 -0.00022308017149274992 6.012030401823611e-05 6.1535502971071882e-05 0.00015471192888462067 0.00044647641328390478 -2.1461403030095601e-05 -0.00016973840484105617 -0.00021410983815835815 5.9700978942974353e-05 -0.00013678230433634395 0.00035165361945358435 -0.00026134813350032137
leaf_weight=11.999999999999998 11.999999999999998 448 11.999999999999998 157 307 10.000000000000002 263 38 31 90 14.999999999999998 31 10.000000000000002 12.999999999999998 52 20 12.999999999999998 12.999999999999998 20 10.000000000000002
leaf_count=12 12 448 12 157 307 10 263 38 31 90 15 31 10 13 52 20 13 13 20 10
internal_value=0.000545624 -0.00178203 -0.00293319 -0.00153904 -0.00405536 0.00696216 0.0100059 0.0171909 -0.00324127 0.00513015 -0.0168942 0.0125023 -0.0141477 0.0149745 -0.0230153 0 -0.0060184 0 0.00851015 -0.0153876
internal_weight=1577 1131 1081 1002 755 446 362 50 84 247 79 327 54 276 64 51 35 23 30 22
internal_count=1577 1131 1081 1002 755 446 362 50 84 247 79 327 54 276 64 51 35 23 30 22
is_linear=0
shrinkage=0.0526821


Tree=6
num_leaves=22
num_cat=0
split_feature=2 2 17 19 17 31 17 17 34 10 8 27 19 9 19 20 34 14 19 33 3
split_gain=6.58382 8.83784 3.84512 4.00463 4.67192 3.71063 3.64365 4.71758 3.75865 3.55493 4.07487 7.09945 5.17567 4.37174 4.28174 3.82811 3.53182 2.55006 1.45295 1.42115 0.117522
threshold=0.54909317308212879 -0.11056250338368252 0.75011377172374938 0.20631120477114759 -0.82623990558449334 -0.46168981558995087 -0.58769696892993595 0.11996096547607039 0.16959180728475756 -1.4735745899505337 0.37815519502801237 0.39582811732721962 -0.82288633152631185 0.25169006760270418 1.0435806034208972 -0.39123993940846119 -0.074544149920484623 -0.15389542391377881 0.62449080410808755 -0.38384543351368078 1.0821139921281138
decision_type=2 2 2 2 2 2 2 2 2 2 2 2 2 2 2 2 2 2 2 2 2
left_child=1 2 3 4 -1 -3 8 -8 -7 18 12 20 13 -11 -13 -14 -5 -4 -2 -19 -12
right_child=9 5 17 16 -6 6 7 -9 -10 10 11 14 15 -15 -16 -17 -18 19 -20 -21 -22
leaf_value=-5.3916604780775478e-05 4.0275744420129424e-05 0.00016535096011441216 -3.735773012700586e-05 1.1658863840349635e-06 2.685366160917913e-05 -0.00016129114643038833 -0.00014503752853406001 -1.4954542406155551e-05 0.00012375279472372347 0.00025974978110061923 6.4443088820031712e-05 0.00019241148624862459 -8.7131579047958389e-05 5.2651474011329267e-05 -6.7442771416558194e-06 4.0529745083932294e-05 -7.3217406432466621e-05 3.7787308168303737e-05 -0.00015973923246513392 0.00014407563187445626 -0.00019078085221217199
leaf_weight=31 15.999999999999998 15.999999999999998 9.9999999999999982 95 322 58 147 185 50 47 11.000000000000002 68 80 56 12.999999999999998 89 177 10.999999999999998 22 26 11.999999999999998
leaf_count=31 16 16 10 95 322 58 147 185 50 47 11 68 80 56 13 89 177 11 22 26 12
internal_value=-0.00025114 -0.00248532 0.00104286 0 0.00360357 -0.0081872 -0.00943366 -0.0121586 0 0.00522329 0.00713592 0.0163944 0.00255854 0.012085 0.0239994 -0.00194742 -0.00485556 0.0150707 -0.00685847 0.0214376 -0.00073575
internal_weight=1542 1128 672 625 353 456 440 332 108 414 376 104 272 103 81 169 272 47 38 37 23
internal_count=1542 1128 672 625 353 456 440 332 108 414 376 104 272 103 81 169 272 47 38 37 23
is_linear=0
shrinkage=0.0526821


Tree=7
num_leaves=25
num_cat=0
split_feature=5 33 36 5 35 20 20 3 14 15 32 6 20 27 36 24 33 35 36 31 32 7 36 11
split_gain=6.89065 9.07854 5.60563 9.60086 5.48944 4.46808 4.16885 5.70081 6.01247 4.89187 3.97035 3.50326 3.93124 2.98971 3.72672 2.78741 2.61913 2.3148 2.39143 1.73321 1.30874 0.70504 0.589477 0.543037
threshold=0.51231343283582098 0.56617927285592751 -1.2041589147592215 0.072108208955223893 0.83516765952206995 0.15229192239258563 0.44568484483046283 0.40340414025178023 0.18615555222185945 0.21087960476855336 0.82534256187578914 -0.42717074197720223 0.56424886104578642 -0.031112187699574929 0.61843730365368177 1.03068736132592 0.2065422445397013 1.5619067325865201 0.52681737675572993 0.9086105886984005 0.57445995784595316 0.92473089498521677 0.23196563348783836 -0.53698136971923371
decision_type=2 2 2 2 2 2 2 2 2 2 2 2 2 2 2 2 2 2 2 2 2 2 2 2
left_child=2 4 3 10 11 23 7 9 -9 -4 19 16 -13 14 -8 -15 -2 18 -6 -1 22 -5 -7 -3
right_child=1 5 6 21 17 20 13 8 -10 -11 -12 12 -14 15 -16 -17 -18 -19 -20 -21 -22 -23 -24 -25
leaf_value=0.00028014724566115473 -0.00015378923888133443 -0.00017075899660161397 -4.4467504202321373e-05 -0.00028538052107368394 -0.00016177945756928674 0.00020349166153889659 -3.410776264928545e-05 2.4649555680501675e-06 0.00019067264615365737 2.2024647574378809e-05 -0.0001287602274976261 0.00014210733425237162 -9.4451270514750554e-05 -8.6820168699715695e-05 3.7824544053459675e-05 9.2260721525512366e-05 0.0001049295829311888 0.0001944225318749563 6.9281896913577347e-05 0.00011448506537134504 0.00015032526024220637 -2.7462785703149608e-05 -0.0001806130780795613 -0.00021738567896199422
leaf_weight=52 11.999999999999998 11.999999999999998 475 19 21.000000000000004 10.000000000000002 65 111 54 224 11.999999999999998 220 11.999999999999998 103 22 15.999999999999998 23 14.999999999999998 9.9999999999999982 13.999999999999998 20 13.999999999999998 13.999999999999998 24
leaf_count=52 12 12 475 19 21 10 65 111 54 224 12 220 12 103 22 16 23 15 10 14 20 14 14 24
internal_value=0.000580063 0.00669679 -0.00126192 0.00939362 0.0110566 -0.00719537 -0.00261964 -0.000690476 0.00763088 -0.00302836 0.0203454 0.0141086 0.0164318 -0.00940893 0 -0.0148134 0 -0.00146229 -0.0128801 0.0253947 0 -0.0092598 -0.00264419 -0.0206409
internal_weight=1574 393 1181 111 313 80 1070 864 165 699 78 267 232 206 87 119 35 46 31 66 44 33 24 36
internal_count=1574 393 1181 111 313 80 1070 864 165 699 78 267 232 206 87 119 35 46 31 66 44 33 24 36
is_linear=0
shrinkage=0.0526821


Tree=8
num_leaves=27
num_cat=0
split_feature=19 0 34 9 9 15 31 30 13 35 30 23 33 15 14 4 1 11 11 36 5 12 10 13 5 31
split_gain=4.83756 6.47835 7.47853 5.82919 5.76563 7.03073 7.98164 9.75488 5.61517 5.26336 4.88228 9.00743 5.49393 5.15746 5.97783 4.37025 3.88153 2.8502 3.12069 2.84086 1.57387 1.56233 1.31118 0.88329 0.735332 0.1299
threshold=0.32446575574274233 0.75060279976906974 -0.27546316165879281 0.38150026001040044 -0.019435777431097239 1.139727204381914 -0.023005879492309714 -0.21480461566888306 -0.56082672443589054 -0.57944876844998705 0.21888496452579859 -0.030746276242202938 -0.30164890666449756 0.17769305122972831 0.61302112288690236 -0.96902749842991021 0.39762082232697687 0.28587247441616376 0.76896562581999484 -0.030300751812544477 0.34589552238805976 0.1470588235294118 -1.291319304037623 0.94531581999119874 0.12042910447761196 0.077459223297317858
decision_type=2 2 2 2 2 2 2 2 2 2 2 2 2 2 2 2 2 2 2 2 2 2 2 2 2 2
left_child=4 2 17 9 10 6 7 -6 -5 -4 11 12 -1 14 -12 -8 23 20 -19 -3 -2 -13 -21 -7 -15 -24
right_child=1 19 3 8 5 16 15 -9 -10 -11 13 21 -14 24 -16 -17 -18 18 -20 22 -22 -23 25 -25 -26 -27
leaf_value=0.00013664706559689542 -9.8121152028991736e-05 -0.00020278667057194822 5.000480809879129e-05 -4.9597859606730252e-05 -5.74724976668756e-05 0.0002262189303769336 1.3033932590884812e-05 0.00013570869265839791 4.0372690503464925e-05 -0.00011665065989334105 0.00014115845990406571 -0.00023041879478202389 -2.9733796187584144e-06 -0.00031502880017059983 -0.00022101358567649783 -0.00015791439516399313 -6.8321220570869375e-05 0.00016270627365211256 1.5829474827485486e-06 2.5726376939861306e-05 0.0002050637445958085 1.2761518964703371e-05 9.3565707583384778e-05 0.00090978409292025305 0.00014030325249495031 0.00015728386197005247
leaf_weight=112 25 9.9999999999999982 21 69 140 31 60 92 77 192 184 36 168 25 18 172 12.999999999999998 30 26 9.9999999999999982 9.9999999999999982 9.9999999999999982 9.9999999999999982 11.999999999999998 28 30
leaf_count=112 25 10 21 69 140 31 60 92 77 192 184 36 168 25 18 172 13 30 26 10 10 10 10 12 28 30
internal_value=0.000599404 -0.00342505 -0.00597079 -0.00965247 0.00268922 -0.000943065 -0.00353675 0.00254568 0 -0.0151956 0.00634529 0.00117875 0.00546245 0.0119079 0.0157534 -0.0106086 0.0154491 0.00579618 0.0136699 0.0111383 -0.000504741 -0.018588 0.0171909 0.023214 0 0.0211685
internal_weight=1611 510 450 359 1101 520 464 232 146 213 581 326 280 255 202 232 56 91 56 60 35 46 50 43 53 40
internal_count=1611 510 450 359 1101 520 464 232 146 213 581 326 280 255 202 232 56 91 56 60 35 46 50 43 53 40
is_linear=0
shrinkage=0.0526821


Tree=9
num_leaves=26
num_cat=0
split_feature=10 17 5 4 0 5 29 28 27 17 30 14 29 10 20 35 8 8 29 3 25 21 36 13 36
split_gain=6.10253 5.14274 4.50721 4.41024 4.2067 4.44039 4.16121 3.82634 6.82514 4.31004 3.42642 3.31819 3.31417 3.21958 2.97353 2.82317 2.65003 2.87782 2.64921 2.1733 1.33292 1.25975 1.15769 1.06257 0.658047
threshold=0.51321547469353623 -0.74868338719420768 -0.78796641791044764 0.37556344354434812 -0.81705997376146478 -0.65942164179104468 -0.71931898014444162 -0.013471359403713037 -0.10164872310310993 -0.8368439026457114 0.94678240123310642 0.20985298400120014 0.16428688757495771 0.716070172328793 0.089016412012364834 -0.46196841144736694 -1.4442463288939058 -0.3863616684892584 0.81836420906005458 -1.6062103776702819 0.71731301393217017 -0.15354277130308738 -0.16143835749530855 1.4143330128828644 0.11975448863496214
decision_type=2 2 2 2 2 2 2 2 2 2 2 2 2 2 2 2 2 2 2 2 2 2 2 2 2
left_child=4 16 10 6 14 12 -4 8 -7 -9 11 -3 15 -5 -1 -6 20 19 -14 -18 23 -16 -12 -2 -22
right_child=1 2 3 13 5 7 -8 9 -10 -11 22 -13 18 -15 21 -17 17 -19 -20 -21 24 -23 -24 -25 -26
leaf_value=2.5552400898054302e-05 0.00017342918773925921 -0.00019945768418897148 0.00010779221412440716 0.00010195703488711345 0.00010136748652465855 -3.2766200672983366e-06 0.00018123134987555085 6.4978731110862877e-05 7.8850245199636209e-05 -2.8515269462001442e-05 0.00044928997847765655 0.00030072640742590358 9.1401948433333756e-05 -4.047696921025243e-05 -3.0072548975058737e-05 -0.00017414940704222722 6.1810423691237554e-06 0.00013172942383729761 -6.6255934228947073e-05 -0.00042767509330368994 -0.0001727864640471608 -0.00023962346203605092 -1.7143547953275498e-05 -3.4597621853577347e-05 0.00016694842630565784
leaf_weight=14.999999999999998 13.000000000000002 48 49 22 15.999999999999998 294 69 74 165 395 14.000000000000002 9.9999999999999982 40 86 11.999999999999995 83 9.9999999999999982 18 47 23 14.000000000000002 22.000000000000004 9.9999999999999982 11.999999999999998 11.999999999999998
leaf_count=15 13 48 49 22 16 294 69 74 165 395 14 10 40 86 12 83 10 18 47 23 14 22 10 12 12
internal_value=0.000145931 0.00578382 0.00937219 0.0131846 -0.00164278 -0.000724587 0.0205854 0.000529875 0.00414489 -0.00249523 0 -0.00806004 -0.00817608 0.00254184 -0.0165112 -0.0146194 -0.00268678 -0.0120156 0 -0.020896 0.00229909 -0.024581 0.014257 0.0118849 0
internal_weight=1573 410 308 226 1163 1114 118 928 459 469 82 58 186 108 49 99 102 51 87 33 51 34 24 25 26
internal_count=1573 410 308 226 1163 1114 118 928 459 469 82 58 186 108 49 99 102 51 87 33 51 34 24 25 26
is_linear=0
shrinkage=0.0526821


Tree=10
num_leaves=25
num_cat=0
split_feature=2 8 4 4 6 8 4 8 35 8 28 27 8 1 6 5 0 1 5 29 33 11 35 20
split_gain=5.66889 5.27215 4.81109 7.41533 4.3793 4.23342 5.43195 7.56514 6.08279 4.48134 3.86387 3.41541 3.1254 3.53221 2.78702 3.07307 2.78383 2.70269 3.07058 2.54959 2.00022 1.69983 1.48291 1.29413
threshold=0.77357479291862929 -0.79180443002049206 -0.73123246070801085 -1.0660590353687522 0.30478861519644707 -0.52955484932350283 0.46465907193792783 0.85860268674617657 -0.06731563664174002 -0.88460909414515088 0.90962284441518559 0.64814916487837049 2.2791563912040975 -1.8600337476039071 -0.093992801788524954 0.22080223880597019 0.61751217592161867 0.013527413676707184 1.2186567164179107 -0.70643657356503831 -1.208208378432442 -0.62626397271057443 -1.0694746650894784 -0.71438901102413277
decision_type=2 2 2 2 2 2 2 2 2 2 2 2 2 2 2 2 2 2 2 2 2 2 2 2
left_child=2 14 3 4 21 9 7 -7 -8 20 19 -11 13 -3 15 -2 -15 18 -16 -5 -4 -1 -19 -6
right_child=1 12 5 10 23 6 8 -9 -10 11 -12 -13 -14 16 17 -17 -18 22 -20 -21 -22 -23 -24 -25
leaf_value=-1.2853829864703455e-05 6.4993205534096774e-05 -0.00019520000130916984 -0.00013946812859544396 -1.4028704971126294e-05 -0.00021167627785208194 -1.3190904489072008e-05 -9.2398542768907796e-06 -0.00017838156752853849 9.4613446137078558e-05 0.00019218108936207423 8.9724974251227432e-05 -8.0418303907134377e-05 -2.5669206976591676e-05 1.4461757033016858e-05 0.00024943047391642778 -0.00020013553147390619 0.00016950590759905347 0.00010355657991891867 -2.9419535172967063e-05 -0.00023355585778603072 0.00011358923488655597 0.00015001774340245712 -0.00046498566819387209 -1.433663049035997e-05
leaf_weight=14.999999999999998 11.999999999999998 11.999999999999998 28 9.9999999999999982 14.000000000000002 614 125 66 156 87 11.999999999999998 14.999999999999998 15.999999999999998 52 38 20 105 11.000000000000002 26 62 40 33 19 11.999999999999998
leaf_count=15 12 12 28 10 14 614 125 66 156 87 12 15 16 52 38 20 105 11 26 62 40 33 19 12
internal_value=0.000307774 0.00676781 -0.00107492 -0.00959607 0 0 -0.00122202 -0.00396078 0.00451645 0.00771475 -0.0201538 0.0147033 0.012418 0.0147953 0 -0.0140102 0.0172187 0.00290787 0.0104755 -0.0247698 0 0.0116908 -0.00533838 -0.0132811
internal_weight=1600 311 1289 158 74 1131 961 680 281 170 84 102 185 169 126 32 157 94 64 72 68 48 30 26
internal_count=1600 311 1289 158 74 1131 961 680 281 170 84 102 185 169 126 32 157 94 64 72 68 48 30 26
is_linear=0
shrinkage=0.0526821


Tree=11
num_leaves=22
num_cat=0
split_feature=9 2 33 9 9 11 36 0 5 15 33 34 9 29 35 29 29 5 0 0 12
split_gain=5.63782 7.12645 5.76504 6.85438 5.75817 5.49027 6.60127 4.51951 4.44719 3.82441 3.76479 3.5256 4.79578 4.14006 3.24104 2.78735 2.69605 2.08888 1.82982 0.534935 0.0267676
threshold=-1.0394565782631304 1.0309133235883279 0.21345824102509028 0.054472178887155491 0.42589703588143529 -1.1274458147467852 1.4006230365703261 -0.54916474897223344 0.52416044776119419 1.5386102459456559 -0.94515876118662767 0.054312342126648747 -0.39710088403536137 0.28465634693778297 -0.44066395491165211 -1.6947002265362689 1.4693349271929195 2.4047574626865678 1.3149990790351052 -0.66184958833128471 -0.82740723064073485
decision_type=2 2 2 2 2 2 2 2 2 2 2 2 2 2 2 2 2 2 2 2 2
left_child=5 2 3 8 -5 18 7 19 -2 14 -9 12 -4 -13 15 -3 -16 -11 20 -7 -1
right_child=1 9 11 4 -6 6 -8 10 -10 17 -12 13 -14 -15 16 -17 -18 -19 -20 -21 -22
leaf_value=0.00012573889984021392 -1.0526711378482275e-05 0.00041291757817822313 0.00019677230480687874 -0.00010501112227681019 -8.5137355542737055e-06 -0.00016577936511490488 7.0529838530933208e-05 0.00018749557803890364 9.9746143852271841e-05 -0.00017866932827301089 -0.00025519155129062946 -6.7068796647282785e-05 2.5686912773114577e-05 2.9733397358629458e-05 0.00015946198451829928 -9.3323388907791294e-05 1.2080284089864288e-06 0.00023603851436970898 -0.00027865542031691175 0.00024072423967571728 0.00021635776011401175
leaf_weight=9.9999999999999982 367 18 58 159 191 10.000000000000002 17 10.999999999999998 43 17 83 130 190 92 91 46 23 18 9.9999999999999982 10.999999999999998 12.000000000000002
leaf_count=10 367 18 58 159 191 10 17 11 43 17 83 130 190 92 91 46 23 18 10 11 12
internal_value=0 0.000960453 -0.000400115 -0.00340756 -0.00885437 -0.00925176 -0.014558 -0.0197709 0.000684144 0.00983527 -0.0245834 0.00393721 0.00825531 0 0.0131884 0 0.0185913 -0.000504741 0.00503523 0 0.0153876
internal_weight=1607 1443 1230 760 350 164 132 115 410 213 94 470 248 222 178 64 114 35 32 21 22
internal_count=1607 1443 1230 760 350 164 132 115 410 213 94 470 248 222 178 64 114 35 32 21 22
is_linear=0
shrinkage=0.0526821


end of trees

feature_importances:
delta_volume=23
williams_r=18
delta_volume_ma20=17
delta_close_ma5=15
macd=13
delta_close=12
delta_volume_ma10=12
delta_close_ma20=12
delta_volume_ma5=11
ret_lag1=11
ret_lag2=11
daily_return=10
amplitude=9
h_minus_l=9
delta_close_ma10=9
ret_lag5=9
c_minus_o=8
intraday=8
intraday_ma10=8
rsi=8
ret_lag3=8
intraday_ma20=7
bb_low=7
difference=5
intraday_ma5=5
ma5=5
ma60=5
ema60=4
bb_high=4
ret_lag0=3
ma20=2
momentum=1
ma10=1
ema10=1
ema20=1

parameters:
[boosting: gbdt]
[objective: regression_l1]
[metric: l1]
[tree_learner: serial]
[device_type: cpu]
[data_sample_strategy: bagging]
[data: ]
[valid: ]
[num_iterations: 2000]
[learning_rate: 0.0526821]
[num_leaves: 63]
[num_threads: 10]
[seed: 42]
[deterministic: 0]
[force_col_wise: 0]
[force_row_wise: 0]
[histogram_pool_size: -1]
[max_depth: 5]
[min_data_in_leaf: 10]
[min_sum_hessian_in_leaf: 0.001]
[bagging_fraction: 0.685399]
[pos_bagging_fraction: 1]
[neg_bagging_fraction: 1]
[bagging_freq: 1]
[bagging_seed: 400]
[bagging_by_query: 0]
[feature_fraction: 0.725193]
[feature_fraction_bynode: 1]
[feature_fraction_seed: 30056]
[extra_trees: 0]
[extra_seed: 12879]
[early_stopping_round: 0]
[early_stopping_min_delta: 0]
[first_metric_only: 0]
[max_delta_step: 0]
[lambda_l1: 4.63382]
[lambda_l2: 3.21933]
[linear_lambda: 0]
[min_gain_to_split: 0]
[drop_rate: 0.1]
[max_drop: 50]
[skip_drop: 0.5]
[xgboost_dart_mode: 0]
[uniform_drop: 0]
[drop_seed: 17869]
[top_rate: 0.2]
[other_rate: 0.1]
[min_data_per_group: 100]
[max_cat_threshold: 32]
[cat_l2: 10]
[cat_smooth: 10]
[max_cat_to_onehot: 4]
[top_k: 20]
[monotone_constraints: ]
[monotone_constraints_method: basic]
[monotone_penalty: 0]
[feature_contri: ]
[forcedsplits_filename: ]
[refit_decay_rate: 0.9]
[cegb_tradeoff: 1]
[cegb_penalty_split: 0]
[cegb_penalty_feature_lazy: ]
[cegb_penalty_feature_coupled: ]
[path_smooth: 0]
[interaction_constraints: ]
[verbosity: -1]
[saved_feature_importance_type: 0]
[use_quantized_grad: 0]
[num_grad_quant_bins: 4]
[quant_train_renew_leaf: 0]
[stochastic_rounding: 1]
[linear_tree: 0]
[max_bin: 255]
[max_bin_by_feature: ]
[min_data_in_bin: 3]
[bin_construct_sample_cnt: 200000]
[data_random_seed: 175]
[is_enable_sparse: 1]
[enable_bundle: 1]
[use_missing: 1]
[zero_as_missing: 0]
[feature_pre_filter: 1]
[pre_partition: 0]
[two_round: 0]
[header: 0]
[label_column: ]
[weight_column: ]
[group_column: ]
[ignore_column: ]
[categorical_feature: ]
[forcedbins_filename: ]
[precise_float_parser: 0]
[parser_config_file: ]
[objective_seed: 16083]
[num_class: 1]
[is_unbalance: 0]
[scale_pos_weight: 1]
[sigmoid: 1]
[boost_from_average: 1]
[reg_sqrt: 0]
[alpha: 0.9]
[fair_c: 1]
[poisson_max_delta_step: 0.7]
[tweedie_variance_power: 1.5]
[lambdarank_truncation_level: 30]
[lambdarank_norm: 1]
[label_gain: ]
[lambdarank_position_bias_regularization: 0]
[eval_at: ]
[multi_error_top_k: 1]
[auc_mu_weights: ]
[num_machines: 1]
[local_listen_port: 12400]
[time_out: 120]
[machine_list_filename: ]
[machines: ]
[gpu_platform_id: -1]
[gpu_device_id: -1]
[gpu_use_dp: 0]
[num_gpu: 1]

end of parameters

pandas_categorical:[]
